音轨（1 2 3 4）	音乐块ID	开始时间	结束时间	音效	背景	背景切换方式
Line	Id	StartTime	EndTime	SoundEffects	Background	ChangeForm
3	1101	797	0	0		0
1	1101	797	0	0		0
2	1101	1063	0	0		0
4	1101	1328	0	0		0
3	1201	1594	2125	0		0
1	1201	2125	2656	0		0
4	1201	2656	3187	0		0
2	1201	3187	3718	0		0
1	1101	3718	0	0		0
4	1101	3983	0	0		0
1	1101	4249	0	0		0
4	1101	4514	0	0		0
3	1201	4780	5311	0		0
1	1201	5311	5842	0		0
2	1101	5842	0	0		0
4	1101	5842	0	0		0
3	1101	6107	0	0		0
2	1101	6372	0	0		0
1	1101	6638	0	0		0
4	1101	6903	0	0		0
2	1101	7169	0	0		0
3	1201	7434	7965	0		0
1	1201	7965	8496	0		0
3	1201	8496	9293	0		0
2	1101	9293	0	0		0
4	1101	9293	0	0		0
3	1101	9558	0	0		0
2	1101	9824	0	0		0
1	1101	10089	0	0		0
4	1101	10355	0	0		0
2	1101	10620	0	0		0
4	1101	10886	0	0		0
2	1201	11151	12213	0		0
3	1101	12213	0	0		0
1	1101	12479	0	0		0
3	1101	12744	0	0		0
1	1101	13010	0	0		0
2	1201	13275	14072	0		0
4	1101	14072	0	0		0
3	1201	14337	14868	0		0
2	1201	14868	15399	0		0
4	1101	15399	0	0		0
3	1101	15665	0	0		0
2	1101	15930	0	0		0
1	1101	16195	0	0		0
2	1101	16461	0	0		0
3	1201	16726	17788	0		0
2	1101	17788	0	0	2	0
4	1101	17788	0	0	2	0
3	1101	18054	0	0		0
2	1101	18319	0	0		0
4	1101	18319	0	0		0
3	1201	18585	19116	0		0
1	1101	19116	0	0		0
2	1101	19381	0	0		0
3	1201	19647	20178	0		0
4	1201	20178	20709	0		0
1	1201	20709	21240	0		0
3	1101	21240	0	0		0
2	1101	21505	0	0		0
1	1201	21771	22169	0		0
4	1201	22169	22567	0		0
2	1101	22567	0	0		0
3	1201	22833	23895	0		0
2	1101	23895	0	0		0
1	1101	24160	0	0		0
3	1101	24426	0	0		0
4	1101	24691	0	0		0
1	1201	24957	25488	0		0
2	1201	25488	26018	0		0
3	1101	26018	0	0		0
4	1101	26284	0	0		0
1	1101	26549	0	0		0
4	1101	26815	0	0		0
1	1101	27080	0	0		0
3	1101	27346	0	0		0
2	1101	27611	0	0		0
3	1101	27877	0	0		0
2	1201	28142	28673	0		0
3	1201	28673	29204	0		0
1	1101	29204	0	0		0
4	1101	29470	0	0		0
1	1101	29735	0	0		0
4	1101	30001	0	0		0
2	1201	30266	30797	0		0
1	1101	30797	0	0		0
3	1101	31063	0	0		0
1	1201	31328	31859	0		0
3	1101	31859	0	0		0
4	1101	32125	0	0		0
2	1101	32390	0	0		0
3	1101	32656	0	0		0
4	1101	32921	0	0		0
2	1101	33187	0	0		0
3	1201	33452	33983	0		0
1	1201	33983	34514	0		0
2	1201	34514	35045	0		0
4	1201	35045	35576	0		0
3	1101	35576	0	0	3	0
2	1101	35842	0	0		0
3	1101	36107	0	0		0
2	1101	36372	0	0		0
4	1101	36638	0	0		0
3	1101	36903	0	0		0
2	1101	37169	0	0		0
1	1101	37434	0	0		0
4	1101	37700	0	0		0
3	1101	37965	0	0		0
4	1101	38231	0	0		0
3	1101	38496	0	0		0
4	1101	38762	0	0		0
3	1101	39027	0	0		0
2	1101	39293	0	0		0
1	1101	39558	0	0		0
2	1101	39824	0	0		0
4	1101	40089	0	0		0
2	1101	40355	0	0		0
4	1101	40620	0	0		0
3	1101	40886	0	0		0
2	1101	41151	0	0		0
3	1101	41417	0	0		0
2	1101	41682	0	0		0
1	1101	41948	0	0		0
3	1101	42213	0	0		0
2	1101	42479	0	0		0
3	1101	42744	0	0		0
4	1201	43010	43541	0		0
2	1201	43541	44072	0		0
1	1201	44072	44603	0		0
3	1101	44603	0	0		0
4	1101	44868	0	0		0
2	1101	45134	0	0		0
3	1101	45399	0	0		0
2	1101	45665	0	0		0
4	1101	45930	0	0		0
1	1101	46195	0	0		0
3	1101	46461	0	0		0
1	1101	46726	0	0		0
3	1101	46992	0	0		0
4	1201	47257	48054	0		0
2	1101	48054	0	0		0
3	1101	48319	0	0		0
2	1101	48585	0	0		0
1	1201	48850	49381	0		0
2	1101	49381	0	0		0
3	1101	49647	0	0		0
2	1101	49912	0	0		0
1	1101	50178	0	0		0
3	1101	50443	0	0		0
1	1101	50709	0	0		0
4	1101	50974	0	0		0
3	1101	51240	0	0		0
2	1101	51505	0	0		0
3	1101	51771	0	0		0
4	1101	52036	0	0		0
3	1101	52302	0	0		0
2	1101	52567	0	0		0
4	1101	52567	0	0		0
3	1101	52833	0	0		0
2	1201	53098	53629	0		0
4	1201	53098	53629	0		0
1	1101	53629	0	0		0
2	1101	53895	0	0		0
3	1101	54160	0	0		0
2	1101	54426	0	0		0
3	1101	54691	0	0		0
1	1101	54691	0	0		0
2	1101	54957	0	0		0
1	1101	55222	0	0		0
3	1101	55222	0	0		0
4	1101	55488	0	0		0
2	1201	55753	56284	0		0
3	1201	56284	56815	0		0
4	1101	56815	0	0		0
2	1101	56815	0	0		0
3	1101	57080	0	0		0
2	1101	57346	0	0		0
4	1101	57346	0	0		0
3	1101	57611	0	0		0
1	1101	57877	0	0		0
2	1101	58142	0	0		0
3	1101	58408	0	0		0
2	1101	58673	0	0		0
4	1101	58939	0	0		0
3	1101	59204	0	0		0
4	1101	59470	0	0		0
3	1101	59735	0	0		0
2	1101	60001	0	0		0
3	1101	60266	0	0		0
2	1101	60532	0	0		0
3	1101	60797	0	0		0
1	1201	61063	61594	0		0
2	1101	61594	0	0		0
4	1101	61859	0	0		0
3	1101	62125	0	0		0
2	1101	62390	0	0		0
4	1101	62656	0	0		0
3	1101	62921	0	0		0
1	1101	63187	0	0		0
3	1101	63452	0	0		0
1	1101	63718	0	0		0
3	1201	63983	64780	0		0
2	1101	64780	0	0		0
3	1101	65045	0	0		0
1	1101	65311	0	0		0
3	1101	65576	0	0		0
2	1101	65842	0	0		0
4	1101	66107	0	0		0
1	1101	66372	0	0		0
4	1101	66638	0	0		0
2	1101	66638	0	0		0
3	1101	66903	0	0		0
2	1101	67169	0	0		0
1	1101	67434	0	0		0
3	1101	67434	0	0		0
2	1101	67700	0	0		0
3	1101	67965	0	0		0
1	1101	68231	0	0		0
4	1101	68496	0	0		0
2	1101	68762	0	0		0
4	1101	69027	0	0		0
2	1101	69293	0	0		0
3	1201	69558	71682	0		0
2	1201	71682	73275	0		0