音轨（1 2 3 4）	音乐块ID	开始时间	结束时间	音效	背景	背景切换方式
Line	Id	StartTime	EndTime	SoundEffects	Background	ChangeForm
2	1101	1577	0	0		0
4	1101	1577	0	0		0
3	1101	1877	0	0		0
1	1201	2177	2777	0		0
2	1101	2777	0	0		0
4	1101	2777	0	0		0
1	1101	3077	0	0		0
3	1201	3377	3977	0		0
2	1101	3977	0	0		0
4	1101	3977	0	0		0
1	1101	4277	0	0		0
3	1201	4577	5177	0		0
1	1201	5177	5777	0		0
4	1201	5777	6377	0		0
1	1101	6377	0	0		0
3	1101	6377	0	0		0
2	1101	6677	0	0		0
1	1201	6977	7577	0		0
2	1101	7577	0	0		0
4	1101	7577	0	0		0
3	1101	7877	0	0		0
4	1201	8177	8777	0		0
1	1101	8777	0	0		0
3	1101	8777	0	0		0
4	1101	9077	0	0		0
1	1201	9377	9977	0		0
2	1101	9977	0	0		0
4	1101	9977	0	0		0
1	1101	10277	0	0		0
2	1101	10577	0	0		0
3	1101	10877	0	0		0
2	1101	11177	0	0	2	0
4	1101	11177	0	0	2	0
3	1101	11477	0	0		0
1	1101	11777	0	0		0
3	1101	12077	0	0		0
1	1101	12377	0	0		0
4	1101	12677	0	0		0
1	1201	12977	13577	0		0
2	1101	13577	0	0		0
4	1101	13577	0	0		0
3	1101	13877	0	0		0
4	1201	14177	14777	0		0
1	1101	14777	0	0		0
3	1101	14777	0	0		0
4	1101	15077	0	0		0
2	1101	15377	0	0		0
3	1101	15677	0	0		0
2	1101	15977	0	0		0
4	1101	15977	0	0		0
1	1101	16277	0	0		0
3	1101	16577	0	0		0
1	1101	16877	0	0		0
4	1101	17177	0	0		0
2	1101	17177	0	0		0
3	1101	17477	0	0		0
1	1101	17777	0	0		0
3	1101	18077	0	0		0
2	1101	18377	0	0		0
4	1101	18377	0	0		0
3	1101	18677	0	0		0
1	1201	18977	19577	0		0
2	1101	19577	0	0		0
4	1101	19577	0	0		0
3	1101	19877	0	0		0
4	1101	20177	0	0		0
3	1101	20477	0	0		0
2	1101	20777	0	0		0
4	1101	20777	0	0		0
3	1101	21077	0	0		0
2	1101	21377	0	0		0
4	1101	21677	0	0		0
2	1101	21977	0	0		0
1	1101	22277	0	0		0
2	1101	22577	0	0		0
4	1101	22877	0	0		0
3	1101	23177	0	0		0
1	1101	23177	0	0		0
2	1101	23477	0	0		0
3	1101	23777	0	0		0
1	1101	24077	0	0		0
3	1101	24377	0	0		0
2	1101	24677	0	0		0
4	1101	24977	0	0		0
2	1101	25277	0	0		0
1	1101	25577	0	0		0
3	1101	25577	0	0		0
2	1101	25877	0	0		0
3	1101	26177	0	0		0
1	1101	26477	0	0		0
4	1101	26777	0	0		0
3	1101	27077	0	0		0
2	1101	27377	0	0		0
3	1101	27677	0	0		0
1	1101	27977	0	0		0
3	1101	28277	0	0		0
2	1101	28577	0	0		0
4	1101	28877	0	0		0
2	1201	29177	29777	0		0
1	1101	29777	0	0		0
2	1101	30077	0	0		0
4	1101	30227	0	0		0
3	1201	30377	30827	0	3	0
2	1101	30827	0	0		0
4	1101	30977	0	0		0
3	1101	31277	0	0		0
1	1101	31427	0	0		0
2	1101	31577	0	0		0
4	1101	31577	0	0		0
3	1101	31877	0	0		0
2	1101	32027	0	0		0
1	1101	32177	0	0		0
3	1101	32327	0	0		0
4	1101	32477	0	0		0
3	1201	32777	33227	0		0
1	1201	32777	33227	0		0
2	1201	33227	33677	0		0
4	1201	33227	33677	0		0
1	1101	33677	0	0		0
2	1101	33827	0	0		0
4	1101	33977	0	0		0
3	1101	34277	0	0		0
2	1101	34427	0	0		0
1	1201	34727	35177	0		0
3	1101	35177	0	0		0
2	1101	35477	0	0		0
4	1201	35627	36077	0		0
2	1101	36077	0	0		0
3	1101	36377	0	0		0
1	1101	36377	0	0		0
2	1101	36677	0	0		0
3	1201	36977	37577	0		0
2	1101	37577	0	0		0
4	1101	37577	0	0		0
3	1101	37877	0	0		0
2	1101	38177	0	0		0
4	1101	38327	0	0		0
3	1101	38477	0	0		0
2	1101	38627	0	0		0
1	1201	38777	39227	0		0
4	1101	39227	0	0		0
3	1101	39527	0	0		0
4	1101	39677	0	0		0
2	1101	39827	0	0		0
1	1101	39977	0	0		0
3	1101	39977	0	0		0
2	1101	40277	0	0		0
4	1101	40577	0	0		0
3	1101	40727	0	0		0
2	1101	40877	0	0		0
3	1101	41027	0	0		0
1	1201	41177	41477	0		0
3	1101	41477	0	0		0
4	1101	41627	0	0		0
2	1101	41777	0	0		0
3	1101	41927	0	0		0
4	1101	42077	0	0		0
3	1201	42377	42827	0		0
1	1201	42377	42827	0		0
4	1201	42827	43277	0		0
2	1101	43277	0	0		0
3	1101	43427	0	0		0
4	1101	43577	0	0		0
3	1101	43877	0	0		0
2	1201	44027	44327	0		0
1	1101	44327	0	0		0
2	1101	44777	0	0		0
4	1101	44777	0	0		0
3	1101	45077	0	0		0
2	1101	45227	0	0		0
4	1101	45527	0	0		0
3	1101	45677	0	0		0
1	1101	45977	0	0		0
4	1101	46277	0	0		0
3	1101	46427	0	0		0
1	1101	46577	0	0		0
2	1101	46877	0	0		0
4	1101	47177	0	0		0
1	1101	47477	0	0		0
2	1101	47777	0	0		0
3	1101	47927	0	0		0
4	1101	48077	0	0		0
2	1101	48227	0	0		0
3	1201	48377	48827	0		0
1	1201	48827	49277	0		0
2	1101	49277	0	0		0
3	1101	49427	0	0		0
2	1101	49577	0	0	1	0
4	1101	49577	0	0	1	0
3	1101	49877	0	0		0
2	1101	50027	0	0		0
4	1101	50177	0	0		0
2	1101	50477	0	0		0
3	1101	50627	0	0		0
1	1201	50777	51377	0		0
3	1201	51377	51977	0		0
2	1101	51977	0	0		0
4	1101	51977	0	0		0
3	1101	52277	0	0		0
2	1101	52427	0	0		0
4	1101	52577	0	0		0
2	1101	52877	0	0		0
1	1101	53027	0	0		0
3	1201	53177	53777	0		0
2	1201	53777	54377	0		0
1	1101	54377	0	0		0
3	1101	54377	0	0		0
2	1101	54677	0	0		0
4	1101	54827	0	0		0
3	1101	54977	0	0		0
4	1101	55277	0	0		0
2	1101	55427	0	0		0
3	1201	55577	56177	0		0
2	1201	56177	56777	0		0
3	1101	56777	0	0		0
1	1101	56777	0	0		0
2	1101	57077	0	0		0
3	1101	57227	0	0		0
4	1101	57377	0	0		0
2	1101	57677	0	0		0
1	1101	57827	0	0		0
3	1201	57977	58577	0		0
4	1201	58577	59177	0		0
1	1101	59177	0	0	2	0
3	1101	59177	0	0	2	0
2	1101	59477	0	0		0
4	1101	59627	0	0		0
3	1101	59777	0	0		0
1	1101	60077	0	0		0
2	1101	60227	0	0		0
4	1101	60377	0	0		0
3	1101	60527	0	0		0
4	1101	60677	0	0		0
3	1101	60827	0	0		0
2	1201	60977	61577	0		0
1	1101	61577	0	0		0
3	1101	61577	0	0		0
2	1101	61877	0	0		0
3	1101	62027	0	0		0
1	1101	62177	0	0		0
3	1101	62477	0	0		0
2	1101	62627	0	0		0
1	1101	62777	0	0		0
2	1101	62927	0	0		0
1	1101	63077	0	0		0
2	1101	63227	0	0		0
3	1201	63377	63977	0		0
2	1101	63977	0	0		0
4	1101	63977	0	0		0
3	1101	64277	0	0		0
4	1101	64427	0	0		0
2	1101	64577	0	0		0
1	1101	64877	0	0		0
2	1101	65027	0	0		0
3	1201	65177	65777	0		0
2	1201	65777	66377	0		0
1	1101	66377	0	0		0
3	1101	66377	0	0		0
2	1101	66677	0	0		0
3	1101	66827	0	0		0
1	1101	66977	0	0		0
3	1101	67277	0	0		0
2	1101	67427	0	0		0
4	1201	67577	68177	0		0
3	1201	68177	68777	0		0
2	1101	68777	0	0	3	0
4	1101	68777	0	0	3	0
3	1101	69077	0	0		0
2	1101	69227	0	0		0
1	1101	69377	0	0		0
3	1101	69677	0	0		0
4	1101	69827	0	0		0
2	1201	69977	70577	0		0
4	1201	70577	71177	0		0
1	1101	71177	0	0		0
3	1101	71177	0	0		0
2	1101	71477	0	0		0
3	1101	71627	0	0		0
4	1101	71777	0	0		0
2	1101	72077	0	0		0
3	1101	72227	0	0		0
1	1201	72377	72977	0		0
2	1201	72977	73577	0		0
1	1101	73577	0	0		0
3	1101	73577	0	0		0
2	1101	73877	0	0		0
3	1101	74027	0	0		0
4	1101	74177	0	0		0
1	1101	74477	0	0		0
2	1101	74627	0	0		0
3	1201	74777	75377	0		0
4	1201	75377	75977	0		0
1	1101	75977	0	0		0
3	1101	75977	0	0		0
2	1101	76277	0	0		0
3	1101	76427	0	0		0
1	1101	76577	0	0		0
2	1101	76877	0	0		0
3	1101	77027	0	0		0
4	1201	77177	77777	0		0
3	1201	77777	78377	0		0
2	1101	78377	0	0	1	0
4	1101	78377	0	0	1	0
3	1101	78677	0	0		0
2	1101	78827	0	0		0
1	1101	78977	0	0		0
4	1101	79277	0	0		0
2	1101	79427	0	0		0
3	1201	79577	80177	0		0
4	1201	80177	80777	0		0
1	1101	80777	0	0		0
3	1101	80777	0	0		0
2	1101	81077	0	0		0
3	1101	81227	0	0		0
1	1101	81377	0	0		0
4	1101	81677	0	0		0
3	1101	81827	0	0		0
2	1201	81977	82577	0		0
4	1201	82577	83177	0		0
1	1101	83177	0	0		0
3	1101	83177	0	0		0
2	1101	83477	0	0		0
3	1101	83627	0	0		0
4	1101	83777	0	0		0
3	1101	84077	0	0		0
1	1101	84227	0	0		0
2	1201	84377	84977	0		0
3	1201	84977	85577	0		0
1	1101	85577	0	0		0
4	1101	85877	0	0		0
3	1101	86027	0	0		0
2	1101	86177	0	0		0
3	1101	86477	0	0		0
4	1101	86627	0	0		0
1	1101	86777	0	0		0
2	1101	86927	0	0		0
4	1101	87077	0	0		0
2	1101	87227	0	0		0
3	1101	87377	0	0		0
4	1101	87527	0	0		0
2	1101	87677	0	0		0
4	1101	87827	0	0		0
3	1201	87977	89177	0		0
