音轨（1 2 3 4）	音乐块ID	开始时间	结束时间	音效	背景	背景切换方式
Line	Id	StartTime	EndTime	SoundEffects	Background	ChangeForm
1	1101	246	0	0		0
2	1101	513	0	0		0
3	1101	781	0	0		0
1	1101	1049	0	0		0
3	1101	1317	0	0		0
2	1101	1585	0	0		0
4	1101	1853	0	0		0
2	1101	2121	0	0		0
3	1101	2422	0	0		0
2	1101	2690	0	0		0
3	1101	2991	0	0		0
1	1101	2991	0	0		0
2	1101	3259	0	0		0
3	1101	3560	0	0		0
2	1101	3828	0	0		0
4	1101	4063	0	0		0
3	1101	4297	0	0		0
2	1101	4565	0	0		0
1	1101	4833	0	0		0
3	1101	5067	0	0		0
2	1101	5368	0	0		0
3	1101	5636	0	0		0
1	1101	5636	0	0		0
2	1101	5904	0	0		0
1	1101	6205	0	0		0
2	1101	6473	0	0		0
3	1101	6708	0	0		0
2	1101	6942	0	0		0
4	1101	7210	0	0		0
3	1101	7478	0	0		0
2	1101	7779	0	0		0
3	1101	8047	0	0		0
1	1101	8047	0	0		0
2	1101	8348	0	0		0
4	1101	8683	0	0		0
2	1101	9018	0	0		0
3	1101	9386	0	0		0
2	1101	9687	0	0		0
3	1101	10156	0	0		0
1	1101	10156	0	0		0
2	1101	10491	0	0		0
3	1101	10759	0	0		0
1	1101	11060	0	0		0
2	1101	11328	0	0		0
1	1101	11562	0	0		0
3	1101	11830	0	0		0
2	1101	12098	0	0		0
3	1101	12366	0	0		0
4	1101	12567	0	0		0
3	1101	12868	0	0		0
1	1101	13136	0	0		0
3	1101	13404	0	0		0
2	1101	13672	0	0		0
3	1101	13973	0	0		0
1	1101	14208	0	0		0
4	1101	14442	0	0		0
3	1101	14710	0	0		0
1	1101	14978	0	0		0
3	1101	15246	0	0		0
2	1101	15480	0	0		0
4	1101	15480	0	0		0
3	1101	15714	0	0		0
1	1101	16016	0	0		0
3	1101	16250	0	0		0
2	1101	16551	0	0		0
1	1101	16752	0	0		0
2	1101	17054	0	0		0
3	1101	17321	0	0		0
2	1101	17556	0	0		0
4	1101	17824	0	0		0
3	1101	18125	0	0		0
4	1101	18426	0	0		0
2	1101	18728	0	0		0
1	1101	19163	0	0		0
2	1201	19565	20134	0		0
1	1101	20134	0	0	2	0
3	1101	20301	0	0		0
1	1101	20435	0	0		0
4	1101	20536	0	0		0
3	1101	20703	0	0		0
4	1101	20837	0	0		0
1	1101	20971	0	0		0
2	1101	21138	0	0		0
3	1101	21272	0	0		0
4	1101	21406	0	0		0
3	1101	21540	0	0		0
2	1101	21674	0	0		0
1	1101	21808	0	0		0
2	1101	21942	0	0		0
4	1101	22076	0	0		0
3	1101	22210	0	0		0
2	1101	22344	0	0		0
3	1101	22478	0	0		0
4	1201	22612	23382	0		0
1	1101	23382	0	0		0
4	1101	23549	0	0		0
1	1101	23683	0	0		0
2	1101	23817	0	0		0
4	1101	23951	0	0		0
2	1101	24085	0	0		0
1	1101	24219	0	0		0
3	1101	24386	0	0		0
2	1101	24520	0	0		0
4	1101	24654	0	0		0
3	1101	24788	0	0		0
2	1101	24922	0	0		0
1	1101	25056	0	0		0
2	1101	25190	0	0		0
4	1101	25324	0	0		0
3	1101	25458	0	0		0
2	1101	25592	0	0		0
3	1101	25725	0	0		0
4	1201	25859	26696	0		0
1	1101	26696	0	0		0
3	1101	26864	0	0		0
1	1101	26998	0	0		0
2	1101	27132	0	0		0
3	1101	27266	0	0		0
4	1101	27400	0	0		0
1	1101	27533	0	0		0
2	1101	27701	0	0		0
3	1101	27835	0	0		0
4	1101	27969	0	0		0
3	1101	28103	0	0		0
2	1101	28237	0	0		0
1	1101	28371	0	0		0
2	1101	28504	0	0		0
4	1101	28638	0	0		0
3	1101	28772	0	0		0
2	1101	28906	0	0		0
3	1101	29040	0	0		0
4	1201	29174	29877	0		0
1	1101	29877	0	0		0
4	1101	30045	0	0		0
1	1101	30179	0	0		0
2	1101	30313	0	0		0
4	1101	30446	0	0		0
2	1101	30580	0	0		0
1	1101	30714	0	0		0
3	1101	30882	0	0		0
2	1101	31016	0	0		0
4	1101	31150	0	0		0
3	1101	31283	0	0		0
2	1101	31417	0	0		0
4	1101	31551	0	0		0
1	1101	31652	0	0		0
4	1101	31819	0	0		0
1	1101	31953	0	0		0
2	1101	32087	0	0		0
3	1101	32221	0	0		0
4	1101	32355	0	0		0
3	1101	32656	0	0		0
2	1101	32924	0	0		0
3	1101	33225	0	0		0
1	1101	33460	0	0		0
3	1101	33728	0	0		0
2	1101	34029	0	0		0
3	1101	34297	0	0		0
2	1101	34565	0	0		0
4	1101	34565	0	0		0
3	1101	34799	0	0		0
2	1101	35134	0	0		0
3	1101	35368	0	0		0
2	1101	35636	0	0		0
3	1101	35904	0	0		0
2	1101	36172	0	0		0
3	1101	36440	0	0		0
2	1101	36741	0	0		0
4	1101	36741	0	0		0
3	1101	37009	0	0		0
2	1101	37277	0	0		0
3	1101	37578	0	0		0
2	1101	37846	0	0		0
3	1101	38147	0	0		0
1	1101	38382	0	0		0
3	1101	38717	0	0		0
2	1201	39018	39520	0		0
3	1201	39520	40056	0		0
1	1201	40056	40625	0		0
3	1201	40625	41228	0		0
2	1101	41228	0	0	3	0
4	1101	41228	0	0	3	0
1	1101	41496	0	0		0
3	1101	41797	0	0		0
4	1101	42065	0	0		0
2	1101	42333	0	0		0
3	1101	42634	0	0		0
2	1101	42902	0	0		0
3	1101	43136	0	0		0
1	1101	43438	0	0		0
2	1101	43705	0	0		0
1	1101	44007	0	0		0
2	1101	44241	0	0		0
3	1101	44509	0	0		0
2	1101	44777	0	0		0
4	1101	45078	0	0		0
3	1101	45379	0	0		0
4	1101	45647	0	0		0
2	1101	45647	0	0		0
3	1101	45915	0	0		0
2	1101	46183	0	0		0
1	1101	46451	0	0		0
2	1101	46719	0	0		0
3	1101	46953	0	0		0
2	1101	47221	0	0		0
4	1101	47489	0	0		0
3	1101	47824	0	0		0
2	1101	48058	0	0		0
3	1101	48359	0	0		0
2	1101	48627	0	0		0
1	1101	48895	0	0		0
2	1101	49163	0	0		0
1	1101	49397	0	0		0
2	1101	49665	0	0		0
3	1101	49900	0	0		0
1	1101	49900	0	0		0
4	1101	50201	0	0		0
3	1101	50435	0	0		0
2	1101	50703	0	0		0
4	1101	50971	0	0		0
2	1101	51239	0	0		0
4	1101	51507	0	0		0
2	1101	51808	0	0		0
1	1101	52076	0	0		0
3	1101	52076	0	0		0
2	1101	52344	0	0		0
3	1101	52645	0	0		0
2	1101	52913	0	0		0
1	1101	53147	0	0		0
2	1101	53449	0	0		0
1	1101	53717	0	0		0
3	1101	53951	0	0		0
4	1101	54252	0	0		0
2	1101	54252	0	0		0
3	1101	54520	0	0		0
2	1101	54821	0	0		0
1	1101	55089	0	0		0
4	1101	55357	0	0		0
2	1101	55592	0	0		0
4	1101	55859	0	0		0
2	1101	56094	0	0		0
4	1201	56429	56964	0		0
1	1201	56964	57533	0		0
2	1201	57533	58069	0		0
3	1201	58069	58571	0		0
2	1101	58571	0	0	1	0
4	1101	58571	0	0	1	0
3	1101	58806	0	0		0
2	1101	59074	0	0		0
3	1101	59342	0	0		0
1	1101	59609	0	0		0
3	1101	59877	0	0		0
1	1101	60145	0	0		0
3	1101	60413	0	0		0
2	1101	60681	0	0		0
4	1101	60982	0	0		0
2	1101	61250	0	0		0
4	1101	61484	0	0		0
3	1101	61752	0	0		0
2	1101	61987	0	0		0
3	1101	62288	0	0		0
2	1101	62522	0	0		0
1	1101	62824	0	0		0
2	1101	63092	0	0		0
3	1101	63359	0	0		0
4	1101	63627	0	0		0
1	1101	63895	0	0		0
3	1101	64163	0	0		0
1	1101	64431	0	0		0
3	1101	64699	0	0		0
2	1201	65000	65536	0		0
3	1101	65536	0	0		0
4	1101	65770	0	0		0
2	1101	66071	0	0		0
3	1101	66306	0	0		0
1	1101	66540	0	0		0
3	1101	66842	0	0		0
2	1101	67109	0	0		0
4	1101	67109	0	0		0
3	1101	67377	0	0		0
1	1101	67612	0	0		0
3	1101	67913	0	0		0
2	1101	68147	0	0		0
4	1101	68452	0	0		0
2	1101	68720	0	0		0
4	1101	68920	0	0		0
3	1101	69185	0	0		0
2	1101	69487	0	0		0
3	1101	69754	0	0		0
1	1101	69955	0	0		0
4	1101	70223	0	0		0
2	1101	70491	0	0		0
4	1101	70759	0	0		0
2	1101	71027	0	0		0
1	1101	71328	0	0		0
3	1101	71328	0	0		0
2	1101	71563	0	0		0
3	1101	71830	0	0		0
4	1101	72098	0	0		0
3	1101	72400	0	0		0
2	1101	72634	0	0		0
3	1101	72902	0	0		0
2	1101	73170	0	0		0
1	1101	73438	0	0		0
2	1101	73705	0	0		0
3	1101	74007	0	0		0
4	1101	74241	0	0		0
1	1101	74542	0	0		0
3	1101	74777	0	0		0
2	1101	75112	0	0		0
3	1101	75379	0	0		0
1	1101	75681	0	0		0
2	1101	75982	0	0		0
3	1101	76350	0	0		0
4	1201	76819	77656	0		0
