音轨（1 2 3 4）	音乐块ID	开始时间	结束时间	音效	背景	背景切换方式
Line	Id	StartTime	EndTime	SoundEffects	Background	ChangeForm
3	1101	764	0	0		0
2	1101	951	0	0		0
3	1101	1139	0	0		0
4	1201	1326	2826	0		0
2	1201	1326	2826	0		0
1	1101	2826	0	0		0
2	1101	2976	0	0		0
3	1101	3126	0	0		0
1	1101	3276	0	0		0
4	1101	3426	0	0		0
3	1101	3576	0	0		0
4	1101	3726	0	0		0
2	1101	3876	0	0		0
1	1101	4026	0	0		0
2	1101	4176	0	0		0
3	1101	4326	0	0		0
4	1101	4476	0	0		0
2	1101	4626	0	0		0
1	1101	4776	0	0		0
4	1101	4926	0	0		0
3	1101	5076	0	0		0
2	1101	5376	0	0		0
3	1101	5526	0	0		0
1	1101	5676	0	0		0
3	1101	5976	0	0		0
4	1201	6126	7626	0		0
2	1201	6126	7626	0		0
1	1101	7626	0	0		0
3	1101	7776	0	0		0
2	1101	7926	0	0		0
1	1101	8076	0	0		0
4	1101	8226	0	0		0
1	1101	8376	0	0		0
3	1101	8526	0	0		0
2	1101	8676	0	0		0
4	1101	8826	0	0		0
2	1101	8976	0	0		0
3	1101	9126	0	0		0
1	1101	9276	0	0		0
3	1101	9426	0	0		0
2	1101	9576	0	0		0
4	1101	9726	0	0		0
3	1101	9876	0	0		0
1	1101	10176	0	0		0
2	1101	10326	0	0		0
4	1101	10476	0	0		0
2	1101	10776	0	0		0
3	1201	10926	12276	0		0
1	1201	10926	12276	0		0
2	1101	12276	0	0		0
3	1101	12426	0	0		0
2	1101	12576	0	0		0
4	1101	12726	0	0		0
1	1101	12876	0	0		0
3	1101	13026	0	0		0
2	1101	13176	0	0		0
4	1101	13326	0	0		0
1	1101	13476	0	0		0
2	1101	13626	0	0		0
3	1101	13776	0	0		0
4	1101	13926	0	0		0
2	1101	14076	0	0		0
3	1101	14226	0	0		0
1	1101	14376	0	0		0
3	1101	14526	0	0		0
2	1101	14676	0	0		0
4	1101	14976	0	0		0
3	1101	15126	0	0		0
4	1101	15276	0	0		0
2	1101	15576	0	0		0
1	1201	15726	16626	0		0
2	1101	16626	0	0		0
3	1201	16926	18426	0		0
1	1201	16926	18426	0		0
2	1201	18426	18726	0		0
4	1201	18726	19026	0		0
2	1201	19026	19326	0		0
3	1101	19326	0	0		0
1	1201	19476	20826	0	2	0
2	1201	20826	22026	0		0
4	1201	22026	22326	0		0
3	1201	22326	22626	0		0
4	1201	22626	22926	0		0
2	1101	22926	0	0		0
3	1201	23076	23526	0		0
2	1201	23526	23826	0		0
3	1201	23826	24126	0		0
1	1101	24126	0	0		0
2	1201	24276	25626	0		0
4	1201	25626	26826	0		0
1	1201	26826	27126	0		0
3	1201	27126	27426	0		0
1	1201	27426	27726	0		0
3	1101	27726	0	0		0
4	1201	27876	28326	0		0
2	1201	28326	28626	0		0
3	1201	28626	28926	0		0
1	1101	28926	0	0		0
2	1201	29076	30426	0		0
3	1201	30426	31626	0		0
1	1201	31626	31926	0		0
3	1201	31926	32226	0		0
2	1201	32226	32526	0		0
4	1101	32526	0	0		0
1	1201	32676	33126	0		0
3	1201	33126	33426	0		0
2	1201	33426	33726	0		0
1	1101	33726	0	0		0
2	1201	33876	35226	0		0
3	1201	35226	36126	0		0
2	1101	36126	0	0		0
3	1101	36276	0	0		0
1	1101	36426	0	0		0
2	1101	36576	0	0		0
3	1101	36726	0	0		0
1	1101	36876	0	0		0
4	1101	37026	0	0		0
2	1101	37026	0	0		0
3	1101	37326	0	0		0
1	1101	37326	0	0		0
2	1101	37626	0	0		0
4	1101	37626	0	0		0
3	1101	37926	0	0		0
1	1101	37926	0	0		0
2	1101	38226	0	0		0
4	1101	38226	0	0		0
3	1101	38526	0	0		0
1	1101	38526	0	0		0
2	1201	38826	39276	0	3	0
4	1201	38826	39276	0	3	0
3	1201	39276	39726	0		0
2	1201	39726	40326	0		0
1	1101	40326	0	0		0
3	1101	40626	0	0		0
2	1101	40926	0	0		0
1	1201	41226	41676	0		0
3	1201	41226	41676	0		0
2	1201	41676	42126	0		0
3	1201	42126	42726	0		0
4	1101	42726	0	0		0
2	1101	43026	0	0		0
3	1101	43326	0	0		0
1	1201	43626	44076	0		0
2	1201	44076	44526	0		0
3	1201	44526	45126	0		0
2	1101	45126	0	0		0
4	1101	45126	0	0		0
3	1101	45426	0	0		0
2	1101	45726	0	0		0
1	1201	46026	46476	0		0
3	1201	46026	46476	0		0
2	1201	46476	46926	0		0
3	1201	46926	47526	0		0
2	1101	47526	0	0		0
4	1101	47826	0	0		0
2	1101	48126	0	0		0
1	1201	48426	48876	0		0
3	1201	48426	48876	0		0
2	1201	48876	49326	0		0
3	1201	49326	49926	0		0
2	1101	49926	0	0		0
4	1101	50226	0	0		0
2	1101	50526	0	0		0
3	1201	50826	51276	0		0
1	1201	50826	51276	0		0
2	1201	51276	51726	0		0
1	1201	51726	52326	0		0
4	1101	52326	0	0		0
2	1101	52626	0	0		0
3	1101	52926	0	0		0
1	1201	53226	53676	0		0
2	1201	53676	54126	0		0
3	1201	54126	54726	0		0
4	1101	54726	0	0		0
2	1101	55026	0	0		0
4	1101	55326	0	0		0
1	1201	55626	56226	0		0
3	1201	55626	56226	0		0
2	1201	56226	56826	0		0
4	1201	56226	56826	0		0
3	1201	56826	57426	0		0
1	1201	56826	57426	0		0
2	1201	57426	58026	0		0
1	1101	58026	0	0	1	0
3	1101	58026	0	0	1	0
2	1101	58326	0	0		0
3	1101	58626	0	0		0
2	1201	58926	59526	0		0
3	1101	59526	0	0		0
1	1101	59826	0	0		0
3	1101	60126	0	0		0
2	1101	60426	0	0		0
4	1101	60726	0	0		0
2	1101	61026	0	0		0
3	1201	61326	61926	0		0
1	1101	61926	0	0		0
3	1101	62226	0	0		0
2	1101	62526	0	0		0
4	1101	62826	0	0		0
2	1101	63126	0	0		0
3	1101	63426	0	0		0
1	1201	63726	64326	0		0
2	1101	64326	0	0		0
4	1101	64626	0	0		0
3	1101	64926	0	0		0
1	1201	65226	65826	0		0
2	1201	65826	66426	0		0
3	1201	66426	67026	0		0
2	1201	67026	67626	0		0
4	1201	67026	67626	0		0
3	1201	67626	68226	0		0
2	1101	68226	0	0		0
4	1201	68526	69126	0		0
1	1101	69126	0	0		0
3	1101	69426	0	0		0
2	1101	69726	0	0		0
1	1101	70026	0	0		0
3	1101	70326	0	0		0
2	1101	70626	0	0		0
4	1201	70926	71526	0		0
3	1101	71526	0	0		0
2	1101	71826	0	0		0
4	1101	72126	0	0		0
1	1101	72426	0	0		0
3	1101	72426	0	0		0
2	1101	72726	0	0		0
3	1101	73026	0	0		0
2	1101	73326	0	0		0
3	1101	73626	0	0		0
2	1101	73926	0	0		0
4	1101	73926	0	0		0
3	1101	74226	0	0		0
2	1101	74526	0	0		0
1	1201	74826	75426	0		0
2	1201	75426	76026	0		0
3	1201	76026	76626	0		0
4	1101	76626	0	0		0
2	1101	76626	0	0		0