音轨（1 2 3 4）	音乐块ID	开始时间	结束时间	音效	背景	背景切换方式
Line	Id	StartTime	EndTime	SoundEffects	Background	ChangeForm
1	1101	532	0	0		0
3	1101	885	0	0		0
2	1101	1238	0	0		0
4	1101	1591	0	0		0
1	1101	1944	0	0		0
3	1101	2297	0	0		0
2	1101	2650	0	0		0
3	1101	3002	0	0		0
4	1201	3355	4061	0		0
2	1101	4061	0	0		0
1	1201	4414	5473	0		0
2	1101	5473	0	0		0
3	1101	5826	0	0		0
2	1201	6179	6885	0		0
3	1101	6885	0	0		0
4	1101	7238	0	0		0
2	1101	7591	0	0		0
3	1101	7767	0	0		0
2	1101	7944	0	0		0
1	1101	8120	0	0		0
3	1101	8297	0	0		0
4	1101	8473	0	0		0
3	1101	8650	0	0		0
2	1101	8826	0	0		0
1	1201	9002	9708	0		0
2	1101	9708	0	0		0
4	1101	9885	0	0		0
3	1101	10061	0	0		0
4	1101	10238	0	0		0
2	1101	10414	0	0		0
3	1101	10591	0	0		0
1	1101	10767	0	0		0
4	1101	10944	0	0		0
3	1101	11120	0	0		0
2	1101	11297	0	0		0
4	1101	11473	0	0		0
1	1101	11649	0	0		0
3	1201	11826	12532	0		0
2	1101	12532	0	0		0
4	1101	12885	0	0		0
1	1101	13238	0	0		0
3	1101	13591	0	0		0
2	1101	13944	0	0		0
4	1101	14297	0	0		0
1	1101	14649	0	0	2	0
2	1101	15002	0	0		0
4	1101	15355	0	0		0
3	1101	15708	0	0		0
2	1201	15885	16414	0		0
1	1101	16414	0	0		0
3	1101	16591	0	0		0
4	1101	16767	0	0		0
3	1101	17120	0	0		0
2	1201	17297	18179	0		0
1	1101	18179	0	0		0
3	1101	18532	0	0		0
2	1101	18885	0	0		0
4	1101	19238	0	0		0
2	1101	19591	0	0		0
3	1101	19944	0	0		0
2	1101	20297	0	0		0
4	1101	20297	0	0		0
3	1101	20649	0	0		0
1	1101	21002	0	0		0
3	1101	21355	0	0		0
1	1101	21708	0	0		0
4	1101	22061	0	0		0
2	1101	22414	0	0		0
4	1101	22767	0	0		0
3	1201	22944	24002	0		0
2	1101	24002	0	0		0
1	1101	24179	0	0		0
2	1101	24532	0	0		0
4	1101	24885	0	0		0
2	1101	25061	0	0		0
3	1101	25238	0	0		0
2	1101	25591	0	0		0
3	1201	25767	26649	0		0
1	1101	26649	0	0		0
3	1101	27002	0	0		0
2	1101	27179	0	0		0
3	1101	27532	0	0		0
4	1101	27885	0	0		0
3	1101	28061	0	0		0
2	1101	28414	0	0		0
1	1101	28591	0	0		0
2	1201	28944	29473	0		0
3	1101	29473	0	0		0
4	1101	29826	0	0		0
3	1101	30002	0	0		0
2	1101	30355	0	0		0
3	1101	30708	0	0		0
1	1101	30885	0	0		0
3	1101	31238	0	0		0
2	1201	31414	32297	0		0
3	1201	32297	33002	0		0
2	1101	33002	0	0		0
4	1101	33355	0	0		0
2	1101	33708	0	0		0
3	1101	34061	0	0		0
2	1201	34238	35297	0		0
3	1101	35297	0	0		0
4	1201	35473	36002	0		0
2	1101	36002	0	0	3	0
1	1101	36179	0	0		0
3	1101	36355	0	0		0
2	1101	36532	0	0		0
4	1101	36708	0	0		0
3	1201	36885	37414	0		0
2	1101	37414	0	0		0
3	1101	37767	0	0		0
1	1101	37944	0	0		0
2	1101	38120	0	0		0
3	1201	38297	38826	0		0
1	1101	38826	0	0		0
4	1101	39002	0	0		0
2	1101	39179	0	0		0
4	1101	39355	0	0		0
1	1101	39708	0	0		0
3	1201	40061	40591	0		0
2	1201	40591	41297	0		0
3	1101	41297	0	0		0
1	1101	41473	0	0		0
3	1101	41826	0	0		0
2	1101	42002	0	0		0
4	1101	42179	0	0		0
2	1101	42532	0	0		0
1	1101	42885	0	0		0
3	1101	43238	0	0		0
2	1101	43591	0	0		0
4	1101	43944	0	0		0
1	1101	44297	0	0		0
3	1101	44649	0	0		0
2	1101	45002	0	0		0
3	1101	45355	0	0		0
4	1201	45532	46061	0		0
2	1201	46061	46767	0		0
1	1101	46767	0	0		0
3	1101	47120	0	0		0
4	1101	47297	0	0		0
2	1101	47473	0	0		0
3	1101	47649	0	0		0
4	1101	47826	0	0		0
3	1101	48002	0	0		0
2	1201	48179	48708	0		0
1	1101	48708	0	0		0
3	1101	49061	0	0		0
2	1101	49238	0	0		0
3	1101	49414	0	0		0
2	1201	49591	50120	0		0
4	1101	50120	0	0		0
3	1101	50297	0	0		0
2	1101	50473	0	0		0
1	1101	50649	0	0		0
2	1101	51002	0	0		0
4	1201	51355	51885	0		0
3	1201	51885	52591	0		0
2	1101	52591	0	0		0
1	1101	52767	0	0		0
3	1101	53120	0	0		0
2	1101	53297	0	0		0
4	1101	53473	0	0		0
3	1101	53826	0	0		0
1	1101	54179	0	0		0
2	1101	54532	0	0		0
3	1101	54885	0	0		0
4	1101	55238	0	0		0
2	1101	55591	0	0		0
3	1101	55944	0	0		0
1	1101	56297	0	0		0
3	1101	56649	0	0		0
2	1201	56826	57355	0		0
3	1101	57355	0	0		0
3	1101	57885	0	0		0
4	1101	58061	0	0		0
3	1101	58238	0	0		0
2	1101	58414	0	0		0
3	1101	58591	0	0		0
2	1101	58767	0	0		0
1	1101	58944	0	0		0
2	1101	59120	0	0		0
4	1101	59297	0	0		0
3	1101	59473	0	0		0
2	1101	59826	0	0		0
4	1101	59826	0	0	1	0
3	1101	60179	0	0		0
2	1101	60532	0	0		0
4	1101	60532	0	0		0
3	1101	60885	0	0		0
2	1101	61238	0	0		0
4	1101	61238	0	0		0
3	1101	61591	0	0		0
2	1101	61944	0	0		0
4	1101	61944	0	0		0
3	1101	62297	0	0		0
2	1101	62473	0	0		0
1	1101	62649	0	0		0
3	1101	62649	0	0		0
2	1101	63002	0	0		0
1	1101	63355	0	0		0
3	1101	63355	0	0		0
2	1101	63708	0	0		0
1	1101	64061	0	0		0
3	1101	64061	0	0		0
2	1101	64414	0	0		0
1	1101	64767	0	0		0
3	1101	64767	0	0		0
2	1101	65120	0	0		0
3	1101	65297	0	0		0
2	1101	65473	0	0		0
4	1101	65826	0	0		0
3	1101	66002	0	0		0
1	1101	66179	0	0		0
3	1201	66532	67061	0		0
2	1101	67061	0	0		0
4	1101	67238	0	0		0
2	1101	67414	0	0		0
1	1101	67767	0	0		0
3	1101	67944	0	0		0
1	1101	68120	0	0		0
3	1101	68473	0	0		0
4	1101	68649	0	0		0
3	1201	68826	69708	0		0