音轨（1 2 3 4）	音乐块ID	开始时间	结束时间	音效	背景	背景切换方式
Line	Id	StartTime	EndTime	SoundEffects	Background	ChangeForm
1	1101	305	0	0		0
4	1101	831	0	0		0
2	1101	1357	0	0		0
3	1201	1883	2410	0		0
2	1101	2410	0	0		0
1	1101	2673	0	0		0
3	1201	3199	3726	0		0
2	1101	3989	0	0		0
4	1101	4252	0	0		0
2	1101	4515	0	0		0
3	1101	5041	0	0		0
4	1101	5568	0	0		0
3	1201	6094	6620	0		0
2	1101	6620	0	0		0
1	1101	6883	0	0		0
3	1201	7410	8462	0		0
1	1101	8726	0	0		0
3	1101	9252	0	0		0
2	1101	9778	0	0		0
4	1101	10304	0	0		0
1	1101	10568	0	0		0
2	1101	10831	0	0		0
1	1101	11094	0	0		0
2	1101	11357	0	0		0
3	1101	11620	0	0		0
4	1201	11883	12410	0		0
3	1101	12410	0	0		0
1	1101	13199	0	0		0
2	1101	13462	0	0		0
4	1101	13989	0	0		0
3	1101	14252	0	0		0
4	1101	14515	0	0		0
1	1201	14910	15304	0		0
2	1101	15304	0	0		0
3	1101	15568	0	0		0
4	1101	15831	0	0		0
3	1201	16094	16620	0		0
2	1101	16620	0	0		0
4	1101	17410	0	0		0
2	1101	17673	0	0		0
3	1101	17936	0	0		0
1	1101	18199	0	0		0
3	1101	18726	0	0		0
1	1101	19252	0	0		0
3	1101	19778	0	0		0
2	1201	20304	20831	0		0
3	1101	20831	0	0		0
3	1101	21620	0	0		0
4	1101	21883	0	0		0
2	1101	22147	0	0		0
1	1101	22410	0	0		0
3	1101	22936	0	0		0
4	1101	23462	0	0		0
2	1101	23989	0	0		0
1	1101	24515	0	0		0
4	1101	25041	0	0	2	0
2	1101	25041	0	0		0
3	1101	25568	0	0		0
1	1101	26094	0	0		0
4	1101	26620	0	0		0
2	1101	27147	0	0		0
4	1101	27673	0	0		0
3	1101	28199	0	0		0
1	1101	28462	0	0		0
3	1101	28726	0	0		0
2	1201	28989	29515	0		0
4	1101	29778	0	0		0
3	1101	30304	0	0		0
1	1101	30831	0	0		0
2	1101	31357	0	0		0
4	1101	31883	0	0		0
3	1101	32147	0	0		0
4	1201	32410	32936	0		0
2	1101	32936	0	0		0
3	1101	33462	0	0		0
1	1101	33989	0	0		0
4	1101	34515	0	0		0
1	1101	35041	0	0		0
2	1101	35304	0	0		0
1	1201	35568	36094	0		0
2	1101	36094	0	0		0
3	1101	36357	0	0		0
4	1201	36620	37147	0		0
3	1101	37147	0	0		0
2	1101	37410	0	0		0
1	1201	37673	38199	0		0
4	1201	38199	38726	0		0
2	1201	38199	38726	0		0
3	1101	38726	0	0		0
2	1101	39252	0	0		0
1	1201	39778	40304	0		0
2	1101	40568	0	0		0
4	1101	40568	0	0		0
3	1101	40831	0	0		0
2	1101	41094	0	0		0
1	1201	41357	41883	0		0
3	1201	41357	41883	0	1	0
2	1101	42147	0	0		0
4	1101	42410	0	0		0
1	1101	42936	0	0		0
3	1101	43462	0	0		0
1	1201	43989	44515	0		0
2	1101	44515	0	0		0
3	1101	44778	0	0		0
2	1101	45304	0	0		0
4	1201	45831	46620	0		0
3	1101	46620	0	0		0
1	1101	47147	0	0		0
4	1101	47673	0	0		0
2	1201	48199	48726	0		0
3	1101	48726	0	0		0
4	1101	48989	0	0		0
2	1101	49515	0	0		0
1	1101	50041	0	0		0
3	1101	50041	0	0		0
2	1101	50831	0	0		0
4	1101	51357	0	0		0
1	1101	51883	0	0		0
3	1101	52410	0	0		0
2	1101	52936	0	0		0
3	1101	53199	0	0		0
4	1201	53462	53989	0		0
3	1201	53989	54515	0		0
2	1101	54515	0	0		0
1	1101	55041	0	0		0
3	1101	55041	0	0		0
2	1101	55568	0	0		0
3	1101	56094	0	0		0
1	1101	56094	0	0		0
4	1201	56620	57147	0		0
3	1101	57147	0	0		0
2	1101	57410	0	0		0
3	1201	57936	58726	0		0
1	1201	57936	58726	0	2	0
2	1101	58726	0	0		0
3	1101	59252	0	0		0
1	1101	59778	0	0		0
3	1101	60304	0	0		0
4	1101	60831	0	0		0
2	1101	61357	0	0		0
3	1101	61620	0	0		0
2	1201	61883	62410	0		0
4	1201	62410	62936	0		0
1	1101	62936	0	0		0
2	1101	63462	0	0		0
3	1101	63726	0	0		0
4	1101	63989	0	0		0
3	1201	64515	65041	0		0
2	1101	65041	0	0		0
1	1101	65304	0	0		0
2	1101	65568	0	0		0
3	1201	66094	66620	0		0
4	1201	66620	67147	0		0
3	1101	67147	0	0		0
2	1101	67673	0	0		0
1	1101	67936	0	0		0
2	1101	68199	0	0		0
3	1101	68726	0	0		0
4	1101	68989	0	0		0
3	1101	69252	0	0		0
2	1101	69778	0	0		0
1	1201	70304	70831	0		0
4	1201	70831	71357	0		0
3	1101	71357	0	0		0
2	1201	71883	72936	0		0
3	1201	72936	73462	0		0
1	1201	73462	73989	0		0
2	1201	73989	74515	0		0
4	1201	74515	75041	0		0
3	1201	75041	75568	0		0
2	1101	75568	0	0		0
4	1101	75568	0	0		0
3	1101	76094	0	0		0
1	1101	76620	0	0		0
2	1101	77147	0	0		0
4	1201	77673	78199	0		0
3	1201	78199	78726	0		0
2	1101	78726	0	0		0
1	1101	79252	0	0		0
2	1201	79515	80304	0		0
3	1101	80304	0	0		0
4	1101	80831	0	0		0
1	1101	81357	0	0		0
2	1101	81883	0	0		0
3	1101	82410	0	0		0
1	1101	82936	0	0		0
2	1101	83199	0	0		0
1	1101	83462	0	0		0
4	1101	83989	0	0		0
2	1101	83989	0	0		0
3	1201	84515	85041	0		0
1	1201	85041	85568	0		0
4	1101	85568	0	0		0
3	1101	85831	0	0		0
4	1101	86094	0	0		0
1	1101	86620	0	0		0
2	1101	86883	0	0		0
3	1201	87147	87673	0		0
2	1101	87673	0	0		0
1	1101	87936	0	0		0
2	1201	88199	88726	0		0
3	1201	88726	89252	0		0
1	1201	88726	89252	0		0
2	1101	89252	0	0		0
3	1101	89778	0	0		0
4	1201	90304	91357	0		0
3	1101	91357	0	0		0
2	1201	91620	92410	0	1	0
4	1101	92936	0	0		0
2	1101	93462	0	0		0
3	1101	93989	0	0		0
1	1201	94515	95041	0		0
2	1101	95041	0	0		0
3	1201	95304	95831	0		0
4	1101	95831	0	0		0
2	1101	95831	0	0		0
3	1101	96620	0	0		0
2	1101	97147	0	0		0
1	1101	97673	0	0		0
4	1101	98199	0	0		0
3	1201	98726	99252	0		0
2	1101	99252	0	0		0
1	1201	99515	100041	0		0
3	1101	100041	0	0		0
4	1101	100568	0	0		0
2	1101	100568	0	0		0
4	1101	101357	0	0		0
3	1101	101883	0	0		0
1	1101	102410	0	0		0
2	1101	102936	0	0		0
4	1101	103462	0	0		0
3	1101	103726	0	0		0
2	1201	103989	104515	0		0
3	1201	104515	105041	0		0
4	1101	105041	0	0		0
3	1101	105568	0	0		0
1	1101	106094	0	0		0
2	1101	106620	0	0		0
3	1201	107147	107673	0		0
2	1101	107673	0	0		0
1	1101	107936	0	0		0
2	1201	108462	109252	0		0
4	1201	108462	109252	0		0
3	1101	109252	0	0		0
4	1101	109778	0	0	2	0
2	1101	110304	0	0		0
3	1101	110831	0	0		0
1	1101	111094	0	0		0
2	1101	111357	0	0		0
4	1101	111883	0	0		0
3	1101	112410	0	0		0
2	1101	112936	0	0		0
4	1101	113199	0	0		0
3	1101	113462	0	0		0
4	1101	113989	0	0		0
2	1101	114515	0	0		0
1	1101	115041	0	0		0
3	1101	115304	0	0		0
2	1101	115568	0	0		0
4	1101	116094	0	0		0
2	1101	116620	0	0		0
3	1101	117147	0	0		0
1	1101	117410	0	0		0
2	1101	117673	0	0		0
4	1101	118199	0	0		0
3	1101	118726	0	0		0
1	1101	119252	0	0		0
2	1101	119778	0	0		0
4	1101	120304	0	0		0
3	1101	120568	0	0		0
2	1101	120831	0	0		0
1	1101	121357	0	0		0
3	1101	121357	0	0		0
4	1101	121883	0	0		0
2	1101	122147	0	0		0
3	1101	122410	0	0		0
4	1101	122936	0	0		0
2	1101	123462	0	0		0
3	1101	123989	0	0		0
1	1101	124252	0	0		0
2	1101	124515	0	0		0
1	1101	124778	0	0		0
4	1101	125304	0	0		0
3	1101	125568	0	0		0
4	1101	125831	0	0		0