音轨（1 2 3 4）	音乐块ID	开始时间	结束时间	音效	背景	背景切换方式
Line	Id	StartTime	EndTime	SoundEffects	Background	ChangeForm
3	1101	378	0	0		0
2	1101	806	0	0		0
4	1101	1235	0	0		0
1	1101	1664	0	0		0
3	1101	1664	0	0		0
2	1101	2092	0	0		0
3	1101	2521	0	0		0
4	1101	2949	0	0		0
1	1101	3378	0	0		0
3	1101	3378	0	0		0
2	1101	3806	0	0		0
3	1101	4235	0	0		0
2	1101	4664	0	0		0
3	1201	5092	5949	0		0
2	1201	5949	6806	0		0
1	1101	6806	0	0		0
3	1101	6806	0	0		0
2	1101	7235	0	0		0
3	1101	7449	0	0		0
4	1101	7664	0	0		0
2	1101	8092	0	0		0
3	1101	8306	0	0		0
2	1101	8521	0	0		0
4	1201	8949	9806	0		0
1	1101	9806	0	0		0
3	1101	9806	0	0		0
2	1101	10021	0	0		0
3	1101	10235	0	0		0
2	1101	10449	0	0		0
3	1101	10664	0	0		0
2	1101	11092	0	0		0
1	1101	11306	0	0		0
3	1101	11521	0	0		0
1	1101	11735	0	0		0
3	1101	11949	0	0		0
2	1101	12378	0	0		0
4	1201	12806	13664	0		0
2	1101	13664	0	0		0
3	1101	14092	0	0		0
1	1101	14092	0	0		0
2	1101	14521	0	0		0
3	1101	14949	0	0		0
1	1101	15164	0	0		0
3	1101	15378	0	0		0
2	1101	15806	0	0		0
4	1101	15806	0	0		0
3	1101	16021	0	0		0
4	1101	16235	0	0		0
3	1101	16449	0	0		0
1	1101	16664	0	0		0
3	1101	16878	0	0		0
1	1201	17092	17521	0		0
2	1201	17521	17949	0		0
4	1201	17949	18378	0		0
3	1201	18378	18806	0		0
2	1101	18806	0	0		0
1	1101	19235	0	0		0
3	1101	19235	0	0		0
2	1101	19664	0	0		0
4	1101	19664	0	0		0
1	1101	20092	0	0		0
3	1101	20092	0	0		0
2	1101	20521	0	0	2	0
4	1101	20521	0	0	2	0
3	1101	20735	0	0		0
2	1101	20949	0	0		0
3	1101	21164	0	0		0
4	1101	21378	0	0		0
3	1101	21592	0	0		0
4	1101	21806	0	0		0
3	1101	22021	0	0		0
2	1201	22235	23092	0		0
4	1101	23092	0	0		0
1	1101	23949	0	0		0
3	1101	23949	0	0		0
2	1101	24164	0	0		0
4	1101	24378	0	0		0
2	1101	24592	0	0		0
1	1101	24806	0	0		0
3	1101	25021	0	0		0
2	1101	25235	0	0		0
3	1101	25449	0	0		0
4	1201	25664	26521	0		0
3	1101	26521	0	0		0
1	1101	26735	0	0		0
3	1101	26949	0	0		0
1	1101	27164	0	0		0
4	1201	27378	28235	0		0
1	1101	28235	0	0		0
3	1101	28449	0	0		0
1	1101	28664	0	0		0
3	1101	28878	0	0		0
1	1201	29092	29949	0		0
4	1101	29949	0	0		0
3	1101	30164	0	0		0
4	1101	30378	0	0		0
3	1101	30592	0	0		0
2	1201	30806	31235	0		0
3	1201	31235	31664	0		0
1	1101	31664	0	0		0
4	1101	31878	0	0		0
1	1101	32092	0	0		0
4	1101	32306	0	0		0
2	1101	32521	0	0		0
4	1101	32735	0	0		0
3	1201	32949	34235	0		0
1	1201	32949	34235	0		0
2	1101	34235	0	0	3	0
4	1101	34449	0	0		0
2	1201	34664	35521	0		0
1	1101	35949	0	0		0
3	1101	36164	0	0		0
1	1201	36378	37235	0		0
4	1101	37235	0	0		0
2	1101	37449	0	0		0
4	1101	37664	0	0		0
2	1101	38092	0	0		0
4	1101	38306	0	0		0
2	1101	38521	0	0		0
3	1101	38735	0	0		0
1	1101	38949	0	0		0
2	1101	39164	0	0		0
3	1201	39378	40664	0		0
1	1101	40664	0	0		0
4	1101	41092	0	0		0
1	1101	41306	0	0		0
4	1201	41521	42378	0		0
1	1101	42806	0	0		0
4	1101	43021	0	0		0
1	1201	43235	44092	0		0
3	1101	44092	0	0		0
4	1101	44306	0	0		0
3	1101	44521	0	0		0
2	1101	44949	0	0		0
3	1101	45164	0	0		0
2	1101	45378	0	0		0
1	1101	45592	0	0		0
2	1101	45806	0	0		0
1	1101	46021	0	0		0
2	1201	46235	46664	0		0
3	1201	46664	47092	0		0
4	1101	47092	0	0		0
2	1101	47306	0	0		0
4	1101	47521	0	0		0
2	1101	47735	0	0		0
1	1101	47949	0	0	1	0
3	1101	47949	0	0	1	0
2	1101	48592	0	0		0
3	1101	48806	0	0		0
4	1201	49021	49664	0		0
2	1101	49664	0	0		0
3	1101	49878	0	0		0
2	1101	50092	0	0		0
3	1101	50306	0	0		0
2	1101	50521	0	0		0
3	1201	50735	51378	0		0
2	1101	51378	0	0		0
4	1101	51378	0	0		0
3	1101	52021	0	0		0
2	1101	52235	0	0		0
1	1101	52449	0	0		0
3	1101	53092	0	0		0
2	1101	53306	0	0		0
4	1101	53521	0	0		0
3	1101	53735	0	0		0
4	1101	53949	0	0		0
3	1101	54164	0	0		0
2	1101	54378	0	0		0
1	1101	54806	0	0		0
3	1101	54806	0	0		0
2	1101	55235	0	0		0
4	1101	55664	0	0		0
2	1101	56092	0	0		0
4	1101	56521	0	0		0
1	1101	56949	0	0		0
4	1101	57378	0	0		0
2	1101	57806	0	0		0
1	1201	58235	59092	0		0
2	1201	59092	59949	0		0
3	1101	59949	0	0		0
4	1101	60378	0	0		0
3	1101	60806	0	0		0
2	1101	61235	0	0		0
1	1101	61664	0	0	2	0
3	1101	61664	0	0	2	0
2	1101	62092	0	0		0
3	1101	62306	0	0		0
4	1101	62521	0	0		0
2	1101	62949	0	0		0
3	1101	63164	0	0		0
2	1101	63378	0	0		0
4	1101	63806	0	0		0
1	1101	64021	0	0		0
4	1101	64235	0	0		0
3	1101	64449	0	0		0
2	1101	64664	0	0		0
3	1101	64878	0	0		0
2	1201	65092	65521	0		0
4	1101	65521	0	0		0
3	1101	65735	0	0		0
4	1201	65949	66378	0		0
1	1101	66378	0	0		0
4	1101	66592	0	0		0
2	1201	66806	67664	0		0
3	1101	68092	0	0		0
2	1201	68521	69378	0		0
4	1201	68521	69378	0		0
3	1101	69378	0	0		0
4	1101	69806	0	0		0
2	1101	69806	0	0		0
3	1101	70021	0	0		0
4	1201	70235	71092	0		0
3	1101	71092	0	0		0
2	1101	71521	0	0		0
1	1101	71949	0	0		0
3	1101	71949	0	0		0
2	1101	72378	0	0		0
1	1101	72806	0	0		0
3	1101	72806	0	0		0
2	1101	73235	0	0		0
4	1101	73664	0	0		0
3	1101	74092	0	0		0
1	1101	74092	0	0		0
2	1201	74521	75378	0		0
1	1101	75378	0	0		0
3	1101	75378	0	0		0
2	1101	75806	0	0		0
3	1101	76021	0	0		0
4	1101	76235	0	0		0
3	1101	76664	0	0		0
2	1101	77092	0	0		0
1	1101	77521	0	0		0
2	1101	77735	0	0		0
3	1101	77949	0	0		0
4	1101	78164	0	0		0
3	1101	78378	0	0		0
2	1101	78806	0	0		0
4	1101	78806	0	0		0
3	1101	79235	0	0		0
2	1101	79449	0	0		0
1	1101	79664	0	0		0
2	1101	80092	0	0		0
4	1101	80521	0	0		0
2	1101	80949	0	0		0
1	1101	81164	0	0		0
3	1201	81378	82235	0		0
2	1101	82235	0	0		0
4	1101	82235	0	0		0
3	1101	82664	0	0		0
2	1101	82878	0	0		0
4	1101	83092	0	0		0
3	1101	83521	0	0		0
2	1101	83949	0	0		0
4	1101	84378	0	0		0
3	1101	84592	0	0		0
2	1101	84806	0	0		0
4	1101	85021	0	0		0
2	1101	85235	0	0		0
1	1101	85664	0	0		0
3	1101	85664	0	0		0
2	1101	86092	0	0		0
3	1101	86306	0	0		0
2	1101	86521	0	0		0
4	1101	86949	0	0		0
3	1101	87378	0	0		0
1	1101	87806	0	0		0
4	1101	88021	0	0		0
1	1201	88235	89092	0		0