音轨（1 2 3 4）	音乐块ID	开始时间	结束时间	音效	背景	背景切换方式
Line	Id	StartTime	EndTime	SoundEffects	Background	ChangeForm
2	1201	755	1255	0		0
3	1101	1255	0	0		0
2	1101	1505	0	0		0
3	1101	1755	0	0		0
1	1101	2005	0	0		0
2	1201	2255	2755	0		0
3	1201	2755	3255	0		0
4	1201	3255	3755	0		0
1	1201	3755	4255	0		0
2	1101	4255	0	0		0
3	1101	4505	0	0		0
2	1101	4755	0	0		0
4	1101	5005	0	0		0
3	1201	5255	5755	0		0
2	1201	5755	6255	0		0
1	1201	6255	6755	0		0
4	1201	6755	7255	0		0
3	1101	7255	0	0		0
2	1101	7505	0	0		0
3	1101	7755	0	0		0
1	1101	8005	0	0		0
4	1201	8255	8755	0		0
1	1101	8755	0	0		0
3	1101	9005	0	0		0
2	1101	9255	0	0		0
3	1101	9505	0	0		0
1	1201	9755	10255	0		0
3	1101	10255	0	0		0
4	1101	10505	0	0		0
2	1101	10755	0	0		0
3	1101	11005	0	0		0
1	1201	11255	11755	0		0
2	1101	11755	0	0		0
4	1101	12005	0	0		0
3	1101	12255	0	0		0
2	1101	12505	0	0		0
1	1201	12755	13255	0		0
2	1101	13255	0	0		0
3	1101	13505	0	0		0
2	1101	13755	0	0		0
4	1101	14005	0	0		0
3	1201	14255	14755	0		0
2	1201	14755	15255	0		0
1	1201	15255	15755	0		0
4	1201	15755	16255	0		0
3	1101	16255	0	0		0
4	1101	16505	0	0		0
2	1101	16755	0	0		0
3	1101	17005	0	0		0
1	1201	17255	17755	0		0
2	1201	17755	18255	0		0
3	1201	18255	18755	0		0
1	1201	18755	19255	0		0
3	1101	19255	0	0		0
2	1101	19505	0	0		0
3	1101	19755	0	0		0
1	1101	20005	0	0		0
3	1201	20255	20755	0		0
4	1101	20755	0	0		0
3	1101	21005	0	0		0
2	1101	21255	0	0		0
1	1101	21505	0	0		0
3	1201	21755	22255	0		0
2	1101	22255	0	0		0
4	1101	22505	0	0		0
1	1101	22755	0	0		0
3	1101	23005	0	0		0
2	1201	23255	24255	0		0
3	1201	24255	24755	0		0
2	1101	24755	0	0	2	0
4	1101	24755	0	0	2	0
3	1101	25255	0	0		0
2	1101	25505	0	0		0
1	1101	25755	0	0		0
3	1101	26005	0	0		0
2	1201	26255	26755	0		0
3	1201	26755	27255	0		0
4	1201	27255	27755	0		0
1	1101	27755	0	0		0
3	1101	27755	0	0		0
2	1101	28255	0	0		0
3	1101	28505	0	0		0
1	1101	28755	0	0		0
4	1101	29005	0	0		0
3	1201	29255	29755	0		0
2	1201	29755	30255	0		0
1	1201	30255	30755	0		0
2	1101	30755	0	0		0
4	1101	30755	0	0		0
3	1101	31255	0	0		0
2	1101	31505	0	0		0
3	1101	31755	0	0		0
1	1101	32005	0	0		0
4	1201	32255	32755	0		0
2	1101	32755	0	0		0
3	1101	33005	0	0		0
1	1101	33255	0	0		0
4	1101	33505	0	0		0
3	1201	33755	34255	0		0
1	1101	34255	0	0		0
3	1101	34505	0	0		0
2	1101	34755	0	0		0
4	1101	35005	0	0		0
1	1201	35255	35755	0		0
3	1101	35755	0	0		0
2	1101	36005	0	0		0
3	1101	36255	0	0		0
2	1101	36505	0	0		0
1	1101	36755	0	0		0
3	1101	36755	0	0		0
2	1101	37255	0	0		0
3	1101	37505	0	0		0
1	1101	37755	0	0		0
3	1101	38005	0	0		0
2	1201	38255	38755	0		0
3	1201	38755	39255	0		0
4	1201	39255	39755	0		0
1	1101	39755	0	0		0
3	1101	39755	0	0		0
2	1101	40255	0	0		0
3	1101	40505	0	0		0
1	1101	40755	0	0		0
4	1101	41005	0	0		0
3	1201	41255	41755	0		0
2	1101	41755	0	0		0
3	1101	42005	0	0		0
1	1101	42255	0	0		0
4	1101	42505	0	0		0
2	1201	42755	43255	0		0
3	1101	43255	0	0		0
4	1101	43505	0	0		0
2	1101	43755	0	0		0
1	1101	44005	0	0		0
3	1201	44255	44755	0		0
1	1101	44755	0	0		0
3	1101	45005	0	0		0
2	1101	45255	0	0		0
4	1101	45505	0	0		0
3	1201	45755	46255	0		0
1	1101	46255	0	0		0
2	1101	46505	0	0		0
3	1101	46755	0	0		0
2	1101	47005	0	0		0
4	1201	47255	48255	0		0
1	1201	48255	48755	0		0
2	1101	48755	0	0	3	0
4	1101	48755	0	0	3	0
3	1101	49255	0	0		0
2	1101	49505	0	0		0
3	1101	49755	0	0		0
1	1101	50005	0	0		0
4	1201	50255	50755	0		0
2	1101	50755	0	0		0
3	1101	51005	0	0		0
1	1101	51255	0	0		0
3	1101	51505	0	0		0
2	1201	51755	52255	0		0
4	1101	52255	0	0		0
3	1101	52505	0	0		0
2	1101	52755	0	0		0
1	1101	53005	0	0		0
3	1201	53255	53755	0		0
2	1101	53755	0	0		0
1	1101	54005	0	0		0
2	1201	54255	54755	0		0
4	1101	54755	0	0		0
3	1101	55005	0	0		0
2	1101	55255	0	0		0
1	1101	55505	0	0		0
2	1101	55755	0	0		0
3	1101	56005	0	0		0
4	1201	56255	56755	0		0
1	1201	56755	57255	0		0
3	1201	57255	57755	0		0
2	1201	57755	58255	0		0
1	1201	58255	58755	0		0
2	1201	58755	59255	0		0
3	1201	59255	59755	0		0
4	1201	59755	60255	0		0
3	1101	60255	0	0		0
2	1101	60755	0	0	1	0
4	1101	60755	0	0	1	0
3	1101	61255	0	0		0
2	1101	61505	0	0		0
3	1201	61755	62255	0		0
1	1201	62255	62755	0		0
2	1101	62755	0	0		0
3	1101	63005	0	0		0
1	1201	63255	63755	0		0
4	1201	63755	64255	0		0
3	1201	64255	64755	0		0
2	1201	64755	65255	0		0
1	1101	65255	0	0		0
3	1101	65255	0	0		0
2	1101	65505	0	0		0
4	1101	65755	0	0		0
2	1101	66005	0	0		0
4	1201	66255	66755	0		0
1	1101	66755	0	0		0
2	1101	67005	0	0		0
1	1101	67255	0	0		0
2	1101	67505	0	0		0
3	1101	67755	0	0		0
4	1101	68005	0	0		0
3	1201	68255	68755	0		0
2	1201	68755	69255	0		0
1	1201	69255	69755	0		0
2	1101	69755	0	0		0
4	1101	69755	0	0		0
3	1101	70005	0	0		0
4	1201	70255	70755	0		0
3	1201	70755	71255	0		0
2	1201	71255	71755	0		0
1	1201	71755	72255	0		0
2	1201	72255	72755	0		0
3	1201	72755	73255	0	2	0
1	1201	72755	73255	0	2	0
2	1101	73255	0	0		0
3	1101	73505	0	0		0
2	1101	73755	0	0		0
4	1101	74005	0	0		0
3	1201	74255	74755	0		0
1	1101	74755	0	0		0
3	1101	75005	0	0		0
2	1101	75255	0	0		0
4	1101	75505	0	0		0
3	1201	75755	76255	0		0
1	1101	76255	0	0		0
3	1101	76505	0	0		0
2	1101	76755	0	0		0
3	1101	77005	0	0		0
2	1201	77255	77755	0		0
1	1101	77755	0	0		0
2	1101	78005	0	0		0
3	1201	78255	78755	0		0
4	1101	78755	0	0		0
3	1101	79005	0	0		0
2	1101	79255	0	0		0
1	1101	79505	0	0		0
2	1101	79755	0	0		0
3	1101	80005	0	0		0
4	1201	80255	80755	0		0
3	1201	80755	81255	0		0
2	1201	81255	81755	0		0
1	1201	81755	82255	0		0
2	1201	82255	82755	0		0
3	1201	82755	83255	0		0
4	1201	83255	83755	0		0
1	1101	83755	0	0		0
3	1101	83755	0	0		0
2	1101	84255	0	0		0
3	1101	84755	0	0	3	0
1	1101	84755	0	0	3	0
2	1101	85255	0	0		0
3	1101	85505	0	0		0
2	1201	85755	86255	0		0
1	1201	86255	86755	0		0
3	1101	86755	0	0		0
2	1101	87005	0	0		0
3	1201	87255	87755	0		0
4	1201	87755	88255	0		0
1	1201	88255	88755	0		0
4	1201	88755	89255	0		0
1	1101	89255	0	0		0
2	1101	89505	0	0		0
3	1101	89755	0	0		0
2	1101	90005	0	0		0
3	1201	90255	90755	0		0
4	1101	90755	0	0		0
1	1101	91005	0	0		0
3	1101	91255	0	0		0
1	1101	91505	0	0		0
3	1101	91755	0	0		0
4	1101	92005	0	0		0
3	1201	92255	92755	0		0
1	1201	92755	93255	0		0
4	1201	93255	93755	0		0
2	1101	93755	0	0		0
3	1101	94005	0	0		0
2	1201	94255	94755	0		0
1	1201	94755	95255	0		0
3	1201	95255	95755	0		0
4	1201	95755	96255	0		0
3	1201	96255	96755	0		0