音轨（1 2 3 4）	音乐块ID	开始时间	结束时间	音效	背景	背景切换方式
Line	Id	StartTime	EndTime	SoundEffects	Background	ChangeForm
3	1101	608	0	0		0
1	1101	1253	0	0		0
3	1101	1898	0	0		0
4	1101	2510	0	0		0
3	1101	2849	0	0		0
2	1101	3121	0	0		0
3	1101	3461	0	0		0
2	1101	3800	0	0		0
1	1101	4140	0	0		0
2	1101	4616	0	0		0
1	1101	4955	0	0		0
3	1101	4955	0	0		0
2	1101	5295	0	0		0
3	1101	5635	0	0		0
4	1101	5940	0	0		0
2	1101	6178	0	0		0
3	1101	6450	0	0		0
4	1101	6722	0	0		0
3	1101	7027	0	0		0
2	1101	7299	0	0		0
1	1101	7605	0	0		0
2	1101	7945	0	0		0
3	1101	8250	0	0		0
4	1201	8556	8930	0		0
3	1101	8930	0	0		0
4	1101	9371	0	0		0
2	1101	9371	0	0		0
1	1201	9847	10356	0		0
2	1101	10356	0	0		0
3	1101	10764	0	0		0
2	1101	11103	0	0		0
1	1101	11409	0	0		0
2	1101	11715	0	0		0
3	1101	11987	0	0		0
4	1101	12326	0	0		0
2	1101	12700	0	0		0
3	1101	13074	0	0		0
4	1101	13345	0	0		0
3	1101	13617	0	0		0
2	1101	13923	0	0		0
4	1101	14228	0	0		0
3	1101	14534	0	0		0
2	1101	14874	0	0		0
1	1201	15315	15689	0		0
3	1201	15315	15689	0		0
2	1201	15723	16131	0		0
3	1201	16131	16708	0		0
4	1201	16708	17829	0		0
3	1201	17829	18610	0	2	0
1	1201	17829	18610	0	2	0
2	1201	18610	19663	0		0
4	1201	19663	20207	0		0
3	1101	20207	0	0		0
2	1101	20614	0	0		0
1	1101	20920	0	0		0
4	1101	21260	0	0		0
3	1101	21565	0	0		0
4	1101	22075	0	0		0
2	1101	22075	0	0		0
3	1101	22483	0	0		0
2	1101	22822	0	0		0
1	1101	23094	0	0		0
2	1101	23400	0	0		0
3	1101	23705	0	0		0
4	1101	23977	0	0		0
2	1101	24249	0	0		0
3	1101	24555	0	0		0
4	1101	24860	0	0		0
3	1101	25268	0	0		0
4	1101	25642	0	0		0
2	1101	25642	0	0		0
3	1101	25947	0	0		0
4	1101	26219	0	0		0
2	1101	26219	0	0		0
3	1101	26525	0	0		0
4	1101	26853	0	0		0
3	1101	27170	0	0		0
2	1101	27612	0	0		0
1	1201	27951	28563	0		0
3	1201	28563	29038	0		0
4	1101	29038	0	0		0
3	1101	29412	0	0		0
2	1101	29752	0	0		0
1	1101	29989	0	0		0
4	1101	30363	0	0		0
3	1101	30669	0	0		0
2	1101	30974	0	0		0
1	1101	31212	0	0		0
4	1101	31518	0	0		0
3	1101	31790	0	0		0
2	1101	32129	0	0		0
1	1101	32469	0	0		0
2	1201	32945	33318	0		0
3	1201	33318	33726	0		0
4	1201	33726	34541	0		0
3	1201	34541	35118	0		0
2	1101	35118	0	0		0
3	1101	35492	0	0		0
4	1201	35900	36613	0		0
3	1201	36613	38923	0		0
2	1101	38923	0	0		0
3	1201	39500	40180	0	3	0
1	1201	39500	40180	0	3	0
2	1101	40180	0	0		0
3	1101	40587	0	0		0
4	1101	40961	0	0		0
2	1101	41233	0	0		0
3	1101	41572	0	0		0
4	1101	41946	0	0		0
3	1101	42320	0	0		0
2	1101	42625	0	0		0
1	1101	42897	0	0		0
3	1101	43169	0	0		0
2	1101	43474	0	0		0
1	1101	43848	0	0		0
2	1101	44256	0	0		0
3	1101	44595	0	0		0
1	1101	44595	0	0		0
2	1101	44867	0	0		0
1	1101	45173	0	0		0
3	1101	45173	0	0		0
2	1201	45512	46022	0		0
3	1201	46022	47007	0		0
1	1201	47007	48094	0		0
3	1101	48094	0	0		0
4	1101	48671	0	0		0
2	1101	48671	0	0		0
3	1101	49487	0	0		0
2	1101	49792	0	0		0
1	1101	50268	0	0		0
2	1101	50777	0	0		0
3	1101	51117	0	0		0
4	1101	51491	0	0		0
3	1101	51796	0	0		0
2	1101	52102	0	0		0
3	1101	52408	0	0		0
1	1101	52408	0	0		0
2	1101	52714	0	0		0
3	1101	53019	0	0		0
4	1101	53325	0	0		0
2	1101	53325	0	0		0
3	1101	53631	0	0		0
4	1101	53902	0	0		0
2	1101	54242	0	0		0
3	1101	54582	0	0		0
4	1101	54989	0	0		0
3	1101	55431	0	0		0
1	1101	55431	0	0		0
2	1101	55737	0	0		0
1	1101	56008	0	0		0
2	1101	56314	0	0		0
3	1101	56586	0	0		0
1	1101	56892	0	0		0
2	1101	57231	0	0		0
3	1101	57707	0	0		0
4	1101	58080	0	0		0
3	1101	58352	0	0		0
2	1101	58692	0	0		0
1	1101	59065	0	0		0
3	1101	59439	0	0		0
2	1101	59745	0	0		0
1	1101	60017	0	0		0
2	1101	60356	0	0		0
3	1201	60628	61103	0		0
2	1201	61103	61681	0		0
4	1201	61103	61681	0		0
3	1101	61681	0	0		0
4	1101	62021	0	0		0
3	1101	62428	0	0		0
1	1101	62700	0	0		0
2	1101	63040	0	0		0
4	1101	63345	0	0		0
3	1101	63719	0	0		0
4	1101	64093	0	0		0
2	1101	64093	0	0		0
3	1101	64602	0	0		0
2	1101	64874	0	0		0
1	1201	65078	65859	0		0
3	1201	65859	66572	0		0
2	1201	66572	67286	0	1	0
4	1201	67286	67795	0		0
2	1101	67795	0	0		0
3	1101	68237	0	0		0
4	1101	68610	0	0		0
2	1101	69018	0	0		0
3	1101	69425	0	0		0
4	1101	69833	0	0		0
3	1101	70173	0	0		0
2	1101	70478	0	0		0
1	1101	70852	0	0		0
3	1101	71362	0	0		0
2	1101	71803	0	0		0
1	1101	72109	0	0		0
2	1101	72381	0	0		0
3	1101	72652	0	0		0
4	1101	73026	0	0		0
3	1101	73366	0	0		0
2	1101	73637	0	0		0
4	1101	73909	0	0		0
1	1101	74215	0	0		0
4	1101	74555	0	0		0
2	1101	74860	0	0		0
3	1101	75234	0	0		0
4	1101	75642	0	0		0
2	1101	75642	0	0		0
3	1101	76117	0	0		0
4	1101	76559	0	0		0
3	1101	76898	0	0		0
2	1101	77238	0	0		0
3	1101	77544	0	0		0
4	1101	77883	0	0		0
2	1101	78189	0	0		0
3	1101	78495	0	0		0
4	1101	78767	0	0		0
3	1101	79072	0	0		0
2	1101	79344	0	0		0
1	1101	79684	0	0		0
4	1101	79955	0	0		0
3	1101	80397	0	0		0
2	1201	80805	81382	0		0
3	1201	81382	82163	0		0
4	1101	82163	0	0		0
1	1101	82333	0	0		0
2	1101	82707	0	0		0
3	1101	83080	0	0		0
4	1101	83488	0	0		0
3	1101	84269	0	0		0
