音轨（1 2 3 4）	音乐块ID	开始时间	结束时间	音效	背景	背景切换方式
Line	Id	StartTime	EndTime	SoundEffects	Background	ChangeForm
2	1101	564	0	0		0
4	1101	876	0	0		0
3	1101	1189	0	0		0
2	1101	1397	0	0		0
3	1101	1710	0	0		0
2	1101	2022	0	0		0
1	1101	2230	0	0		0
3	1101	2543	0	0		0
2	1101	2855	0	0		0
3	1201	3064	3897	0		0
4	1101	3897	0	0		0
3	1101	4105	0	0		0
4	1101	4314	0	0		0
1	1201	4522	4939	0		0
2	1101	4939	0	0		0
3	1101	5147	0	0		0
4	1201	5355	5772	0		0
3	1101	5772	0	0		0
1	1101	5980	0	0		0
3	1101	6189	0	0		0
2	1101	6397	0	0		0
4	1201	6605	7230	0		0
1	1101	7230	0	0	2	0
3	1101	7439	0	0		0
2	1201	7647	8064	0		0
4	1101	8064	0	0		0
3	1101	8272	0	0		0
4	1201	8480	8897	0		0
3	1201	8897	9314	0		0
1	1101	9314	0	0		0
4	1201	9522	10564	0		0
2	1101	10564	0	0		0
3	1101	10772	0	0		0
1	1101	10980	0	0		0
2	1201	11189	11605	0		0
4	1101	11605	0	0		0
1	1101	11814	0	0		0
3	1201	12022	12647	0		0
2	1101	12647	0	0		0
1	1201	12855	13897	0		0
4	1101	13897	0	0		0
3	1101	14105	0	0		0
4	1101	14314	0	0		0
2	1201	14522	14939	0		0
4	1201	14939	15355	0		0
3	1101	15355	0	0		0
2	1101	15564	0	0		0
1	1101	15772	0	0		0
3	1101	15980	0	0		0
2	1201	16189	16605	0		0
4	1201	16605	17230	0		0
1	1101	17230	0	0		0
3	1101	17439	0	0		0
2	1201	17647	18064	0		0
4	1101	18064	0	0		0
3	1101	18272	0	0		0
4	1201	18480	18897	0		0
2	1101	18897	0	0		0
3	1101	19105	0	0		0
1	1101	19314	0	0		0
2	1101	19522	0	0		0
3	1201	19730	20147	0		0
4	1201	20147	20564	0		0
1	1101	20564	0	0	3	0
4	1101	20772	0	0		0
2	1201	20980	21397	0		0
1	1101	21397	0	0		0
3	1101	21605	0	0		0
2	1201	21814	22230	0		0
4	1201	22230	22647	0		0
1	1101	22647	0	0		0
3	1201	22855	23897	0		0
2	1101	23897	0	0		0
1	1101	24105	0	0		0
2	1101	24314	0	0		0
4	1201	24522	24939	0		0
2	1101	24939	0	0		0
3	1101	25147	0	0		0
2	1201	25355	25980	0		0
1	1101	25980	0	0		0
3	1201	26189	27230	0		0
4	1101	27230	0	0		0
2	1101	27543	0	0		0
4	1101	27751	0	0		0
1	1101	28064	0	0		0
2	1101	28376	0	0		0
4	1101	28585	0	0		0
2	1101	28897	0	0		0
4	1101	29210	0	0		0
3	1101	29522	0	0		0
2	1101	29730	0	0		0
1	1201	29939	30564	0		0
4	1101	30564	0	0		0
3	1101	30772	0	0		0
4	1201	30980	31397	0		0
2	1101	31397	0	0		0
1	1101	31605	0	0		0
2	1201	31814	32230	0		0
3	1201	32230	32647	0		0
4	1101	32647	0	0		0
2	1101	32855	0	0		0
1	1201	33064	33897	0		0
3	1101	33897	0	0	1	0
4	1101	34105	0	0		0
3	1101	34314	0	0		0
2	1201	34522	34939	0		0
4	1101	34939	0	0		0
3	1201	35147	35564	0		0
1	1201	35564	36605	0		0
2	1101	36605	0	0		0
3	1101	36814	0	0		0
4	1101	37022	0	0		0
2	1101	37230	0	0		0
3	1101	37543	0	0		0
4	1101	37855	0	0		0
1	1101	38064	0	0		0
3	1101	38376	0	0		0
2	1101	38689	0	0		0
1	1201	38897	39314	0		0
2	1101	39314	0	0		0
3	1201	39522	40564	0		0
2	1101	40564	0	0		0
4	1101	40876	0	0		0
3	1101	41189	0	0		0
2	1101	41397	0	0		0
1	1101	41710	0	0		0
3	1101	42022	0	0		0
2	1101	42230	0	0		0
4	1101	42543	0	0		0
3	1101	42855	0	0		0
2	1101	43064	0	0		0
1	1201	43376	43793	0		0
2	1101	43793	0	0		0
3	1101	44001	0	0		0
4	1201	44210	44730	0		0
3	1101	44730	0	0		0
2	1101	44939	0	0		0
3	1201	45147	45564	0		0
2	1201	45564	46397	0		0
1	1201	46397	47230	0		0
4	1101	47230	0	0	2	0
3	1101	47439	0	0		0
4	1101	47647	0	0		0
2	1201	47855	48272	0		0
3	1101	48272	0	0		0
2	1101	48480	0	0		0
3	1201	48689	49314	0		0
2	1101	49314	0	0		0
1	1201	49522	50564	0		0
3	1101	50564	0	0		0
4	1101	50772	0	0		0
2	1101	50980	0	0		0
3	1201	51189	51605	0		0
1	1101	51605	0	0		0
3	1101	51814	0	0		0
2	1201	52126	52647	0		0
4	1101	52647	0	0		0
3	1201	52855	53897	0		0
1	1101	53897	0	0		0
3	1101	54105	0	0		0
2	1101	54314	0	0		0
3	1201	54522	54939	0		0
1	1101	54939	0	0		0
3	1101	55147	0	0		0
2	1201	55355	55772	0		0
4	1101	55772	0	0		0
3	1101	55980	0	0		0
4	1201	56189	56605	0		0
1	1201	56605	57230	0		0
3	1101	57230	0	0		0
4	1101	57439	0	0		0
3	1101	57647	0	0		0
2	1101	57855	0	0		0
1	1101	58064	0	0		0
2	1101	58272	0	0		0
1	1201	58480	58897	0		0
2	1201	58897	59314	0		0
3	1101	59314	0	0		0
4	1101	59522	0	0		0
3	1201	59730	60564	0		0
1	1101	60564	0	0		0
4	1101	60772	0	0		0
2	1101	60980	0	0		0
1	1201	61189	61605	0		0
4	1101	61605	0	0		0
3	1101	61814	0	0		0
4	1201	62126	62647	0		0
2	1101	62647	0	0		0
3	1201	62855	63897	0		0
1	1101	63897	0	0		0
4	1101	64105	0	0		0
2	1201	64314	64939	0		0
4	1101	64939	0	0		0
3	1101	65147	0	0		0
2	1201	65355	65980	0		0
1	1101	65980	0	0		0
4	1201	66189	67230	0		0
2	1101	67230	0	0		0
3	1101	67543	0	0		0
1	1101	67751	0	0		0
3	1101	67960	0	0		0
2	1101	68272	0	0		0
3	1101	68585	0	0		0
4	1101	68897	0	0		0
3	1101	69210	0	0		0
2	1101	69626	0	0		0
3	1201	69939	70564	0		0
1	1101	70564	0	0		0
3	1101	70772	0	0		0
2	1201	70980	71397	0		0
4	1101	71397	0	0		0
3	1101	71605	0	0		0
4	1201	71814	72230	0		0
3	1201	72230	73064	0		0
1	1101	73064	0	0		0
2	1101	73272	0	0		0
3	1101	73585	0	0		0
1	1101	73897	0	0	3	0
3	1101	74210	0	0		0
2	1101	74418	0	0		0
4	1101	74730	0	0		0
3	1101	74939	0	0		0
2	1101	75251	0	0		0
1	1201	75564	75980	0		0
3	1201	75980	76605	0		0
2	1101	76605	0	0		0
1	1101	76814	0	0		0
2	1101	77022	0	0		0
4	1101	77230	0	0		0
3	1101	77543	0	0		0
2	1101	77855	0	0		0
1	1101	78064	0	0		0
2	1101	78376	0	0		0
3	1101	78689	0	0		0
4	1201	78897	79314	0		0
3	1101	79314	0	0		0
2	1201	79522	80564	0		0
4	1101	80564	0	0		0
3	1101	80772	0	0		0
2	1201	80980	81397	0		0
1	1101	81397	0	0		0
2	1101	81605	0	0		0
4	1201	81814	82230	0		0
3	1101	82230	0	0		0
2	1101	82439	0	0		0
3	1101	82751	0	0		0
2	1101	82960	0	0		0
1	1201	83272	83897	0		0
2	1101	83897	0	0		0
4	1101	84105	0	0		0
3	1201	84314	84730	0		0
1	1101	84730	0	0		0
3	1101	84939	0	0		0
2	1201	85147	85564	0		0
4	1201	85564	86397	0		0
