Test										
StartTime	HairColor	AIHairColor	ShockEffect	SoundEffect	Line	Stair	movable	progress	door	decorate
2416	8	1	1	0	0,0,1101,0,0					
3028	8	1	1	0	0,0,1101,0,0					
3641	8	1	1	0	0,0,1101,0,0					
4253	1	1	1	0	0,1101,0,0,0					
4712	6	1	1	0	0,1101,0,1401,0					
4800	1	1	1	0	0,0,0,0,0	0,1501,0,0,0				
5000	1	1	1	0	0,0,1601,1601,1601					
5171	6	1	1	0	0,1101,0,0,0					
5171	11	1	1	0	0,0,0,1101,1101					
5200	1	1	1	0	0,0,1601,0,0					
5400	1	1	1	0	0,0,1601,0,0					
5477	6	1	1	0	0,1101,0,0,0					
5477	11	1	1	0	0,0,0,1101,1101					
5600	1	1	1	0	0,0,1601,0,0	0,1505,0,0,0				
5784	6	1	1	0	0,1101,0,0,0					
5784	11	1	1	0	0,0,0,1101,1101					
5800	1	1	1	0	0,0,1601,0,0					
6000	1	1	1	0	0,0,1601,0,0					
6200	1	1	1	0	0,0,1601,0,0					
6243	6	1	1	0	0,1101,0,0,0					
6243	11	1	1	0	0,0,0,1101,1101					
6400	1	1	1	0	0,0,1601,1601,0					
6702	6	1	1	0	1101,0,0,0,0					
6702	6	1	1	0	0,1101,0,0,0					
6702	12	1	1	0	0,0,1101,0,0					
6702	11	1	1	0	0,0,0,1101,0					
6702	11	1	1	0	0,0,0,0,1101					
7314	1	1	1	0	0,0,0,0,0					
8214	1	1	1	0	0,0,1210,0,0					
8539	3	1	1	0	0,0,0,1101,0					
9151	3	1	1	0	0,0,0,1101,0					
9763	8	1	1	0	0,0,1101,0,0					
10375	8	1	1	0	0,1101,0,1202,0					
10988	8	1	1	0	1101,0,1202,0,0					
11600	8	1	1	0	0,1101,0,1202,0					
12212	8	1	1	0	0,0,1101,0,0					
13437	1	1	1	0	0,0,0,0,0			star	1901_8_3_3,1907_1_1	
14508	9	1	1	0	0,0,1101,0,0					
15273	9	1	1	0	0,0,1101,0,0					
15800	1	1	1	0	0,0,0,1601,1601					
15886	9	1	1	0	0,1101,0,0,0					
16000	1	1	1	0	0,0,0,1601,1601					
16200	1	1	1	0	0,0,0,1601,1601					
16345	9	1	1	0	1101,0,0,0,0					
16400	1	1	1	0	0,0,0,1601,1601					
16600	1	1	1	0	0,0,0,1601,1601					
16800	1	1	1	0	0,0,0,1601,1601					
16804	2	1	1	0	0,1101,0,0,0					
17000	1	1	1	0	0,0,0,1601,1601					
17110	2	1	1	0	0,1101,0,0,0					
17200	1	1	1	0	0,0,0,1601,1601					
17400	1	1	1	0	0,0,0,1601,1601					
17416	2	1	1	0	0,1101,0,0,0					
18335	12	1	1	0	0,0,1101,0,0					
18947	1	1	1	0	0,0,1301,0,0					
19559	3	1	1	0	0,0,1101,0,0					
20171	3	1	1	0	0,1101,0,0,0					
20784	3	1	1	0	0,0,0,1101,0					
21396	3	1	1	0	0,1101,0,0,0					
22008	2	1	1	0	1101,0,0,0,0					
22314	3	1	1	0	1101,0,0,0,0					
22620	4	1	1	0	1101,0,1205,0,0					
22926	5	1	1	0	1101,0,0,0,0					
23233	6	1	1	0	1101,0,0,0,0					
24304	11	1	1	0	0,0,1101,0,0					
24763	1	1	1	0	0,0,0,1101,0					
25069	1	1	1	0	0,0,0,1101,0					
25200	1	1	1	0	0,1206,0,0,0					
25375	1	1	1	0	0,0,0,1101,0					
25835	1	1	1	0	0,0,0,1101,0					
26294	1	1	1	0	0,0,1101,0,0			star		
26906	1	1	1	0	0,1101,0,0,0					
27212	1	1	1	0	0,1101,0,0,0					
28131	1	1	1	0	0,0,1302,0,0					
28743	12	1	1	0	0,0,1101,0,0					
29200	1	1	1	0	0,0,0,0,1803					
29355	2	1	1	0	0,1101,0,0,0					
29800	1	1	1	0	0,0,0,0,1803					
29967	2	1	1	0	1101,0,0,0,0					
30400	1	1	1	0	0,0,0,0,1803					
30580	2	1	1	0	0,1101,0,0,0					
31192	2	1	1	0	0,0,1101,0,0					
31651	1	1	1	0	0,0,0,0,0					2001,2003
33641	11	1	1	0	0,0,1101,0,0					
34200	1	1	1	0	0,0,0,0,0		0,1701,1701,1701,0			
34253	1	1	1	0	0,0,1101,0,0					
34400	1	1	1	0	0,0,0,0,0		0,1701,1701,1701,0			
34559	2	1	1	0	0,0,1101,0,0					
34600	1	1	1	0	0,0,0,0,0		0,1701,1701,1701,0			
34800	1	1	1	0	0,0,0,0,0		0,1701,1701,1701,0			
34865	3	1	1	0	0,0,1101,0,0					
35000	1	1	1	0	0,0,0,0,0		0,1701,1701,1701,0			
35171	4	1	1	0	0,0,1101,0,0					
35200	1	1	1	0	0,0,0,0,0		0,1701,1701,1701,0			
35400	1	1	1	0	0,0,0,0,0		0,1701,1701,1701,0			
35477	5	1	1	0	0,0,1101,0,0					
35600	1	1	1	0	0,0,0,0,0		0,1701,1701,1701,0			
35800	1	1	1	0	0,0,0,0,0		0,1701,1701,1701,0			
35937	6	1	1	0	0,0,1101,0,0					
36000	1	1	1	0	0,0,0,0,0		0,1701,1701,1701,0			
36702	7	1	1	0	0,1101,0,0,0					
37008	7	1	1	0	0,1101,0,0,0					
37926	7	1	1	0	0,0,1101,0,0					
38539	7	1	1	0	0,0,1101,0,0					
38998	10	1	1	0	0,0,0,0,1101					
39151	12	1	1	0	0,0,0,1101,0					
39151	11	1	1	0	0,0,1101,0,0					
39151	12	1	1	0	0,1101,0,0,0					
39151	10	1	1	0	1101,0,0,0,0			star		
