Test													
StartTime	HairColor	AIHairColor	ShockEffect	SoundEffect	Line	WingId	LineType	SkyLine	Stair	movable	progress	door	decorate
1251	8	1	1	0	0,0,1101,0,0								
1400	1	1	1	0	0,0,0,0,0				0,1501,1501,0,0				
1600	1	1	1	0	0,0,0,0,0				0,1503,1503,0,0				
1732	8	1	1	0	0,1101,0,1601,0								
1732	11	1	1	0	0,0,0,0,1101								
1932	1	1	1	0	0,0,0,1601,0								
2132	1	1	1	0	0,0,0,1601,0								
2213	8	1	1	0	0,1101,0,1601,0								
2213	11	1	1	0	0,0,0,0,1101								
2400	1	1	1	0	0,0,0,0,0				0,1505,1505,0,0				
3174	8	1	1	0	1101,0,1202,0,0								
3174	11	1	1	0	0,0,0,0,1101								
4100	2	1	1	0	0,0,0,0,0							1901_2_1_40,1901_3_3_5	
5097	2	1	1	0	0,0,1101,0,0								
5200	1	1	1	0	0,0,0,0,0				0,0,1501,0,0				
5400	1	1	1	0	0,0,0,0,0				0,0,1503,0,0				
5578	2	1	1	0	0,1601,1101,1601,0								
5778	1	1	1	0	0,1601,0,1601,0								
5978	1	1	1	0	0,1601,0,1601,0								
6059	2	1	1	0	1402,1601,1101,1601,0								
6400	1	1	1	0	0,0,0,0,0				0,0,1505,0,0				
7020	2	1	1	0	0,0,1803,0,1101								
7982	2	1	1	0	0,0,1921,0,0	0,0,5001,0,0							
8943	4	1	1	0	0,0,2101,0,0								
8943	4	1	1	0	0,0,0,0,0								
9400	1	1	1	0	0,0,0,0,0								
9424	4	1	1	0	0,0,0,0,0								
9800	1	1	1	0	0,0,0,0,0								
9905	4	1	1	0	0,0,0,0,0								
10400	1	1	1	0	1601,0,0,0,1601								
10600	1	1	1	0	1601,0,0,0,1601								
10800	1	1	1	0	0,0,0,0,0		1	11111					
10800	1	1	1	0	1601,0,0,0,1601								
10866	8	1	1	0	0,0,1101,0,0								
10866	8	1	1	0	0,0,0,0,0		1					1902_11_1_40,0	
11000	1	1	1	0	1601,0,0,0,1601								
11200	1	1	1	0	1601,0,0,0,1601								
11400	1	1	1	0	1601,0,0,0,1601								
11600	1	1	1	0	1601,0,0,0,1601								
11800	1	1	1	0	1601,0,0,0,1601								
11828	9	1	1	0	0,0,1101,0,0								
11828	9	1	1	0	0,0,0,0,0		1					1901_11_3_2,1907_1_1	
12000	1	1	1	0	1601,0,0,0,1601								
12400	1	1	1	0	0,0,0,0,0		1	11111					
12400	1	1	1	0	0,0,0,0,0		1	01110					
12790	2	1	1	0	1101,0,0,0,0								
12790	10	1	1	0	0,0,1101,0,0		1						
13000	1	1	1	0	0,0,0,1202,0								
13270	2	1	1	0	1101,0,0,0,0						star		
13270	10	1	1	0	0,0,1101,0,0		1						
13400	1	1	1	0	0,0,0,1202,0								
13751	2	1	1	0	1101,0,0,0,0								
13751	10	1	1	0	0,0,1101,0,0		1						
14713	10	1	1	0	0,1101,0,0,0		1						
14713	12	1	1	0	0,0,1101,0,0		1						
14713	11	1	1	0	0,0,0,1101,0		1						
14713	10	1	1	0	0,0,1101,0,0								
14800	1	1	1	0	0,0,0,0,0		1	01110					
15674	10	1	1	0	1800,0,1101,0,1801								
16600	1	1	1	0	0,0,0,0,0				0,1501,1501,1501,0				
16636	10	1	1	0	0,0,0,1101,0								
17116	10	1	1	0	0,0,1101,0,0								
17597	10	1	1	0	0,1101,0,1801,0								
18559	3	1	1	0	0,1800,0,1101,0								
18600	1	1	1	0	0,0,0,0,0				0,1505,1505,1505,0				
19520	8	1	1	0	0,1101,0,1801,0								
20482	3	1	1	0	0,0,1101,0,0								
20963	8	1	1	0	0,0,1401,0,0								
21443	1	1	1	0	1101,1101,1101,0,0								
21924	4	1	1	0	0,0,1101,1101,1101								
22405	3	1	1	0	1101,1101,1101,0,0								
22886	4	1	1	0	1101,1101,0,1101,1101								
23366	12	1	1	0	0,0,1101,0,0								
24328	8	1	1	0	1101,1101,0,1202,0								
24809	8	1	1	0	0,0,1101,0,0								
25290	8	1	1	0	0,0,0,1101,1101								
26200	1	1	1	0	0,0,0,1601,1601								
26251	8	1	1	0	1101,0,0,0,0						star		
26251	6	1	1	0	0,1101,0,0,0								
26400	1	1	1	0	0,0,0,1601,1601								
26600	1	1	1	0	0,0,0,1601,1601								
27200	1	1	1	0	1601,1601,0,0,0								
27213	6	1	1	0	0,0,0,1101,0								
27213	8	1	1	0	0,0,0,0,1101								
27400	1	1	1	0	1601,1601,0,0,0								
27600	1	1	1	0	1601,1601,0,0,0								
28174	6	1	1	0	0,0,1101,0,0								
28655	6	1	1	0	1101,0,0,0,0								
28655	2	1	1	0	0,1101,0,1202,0								
29136	6	1	1	0	1101,0,0,0,0								
29136	2	1	1	0	0,1101,0,1202,0								
29777	6	1	1	0	1601,1601,1101,1601,1601								
29937	2	1	1	0	1601,1601,0,1601,1601								
30097	2	1	1	0	1601,1601,1101,1601,1601								
31059	2	1	1	0	0,0,1101,0,0								
32000	10	1	1	0	0,0,0,0,0							1904_1_1,0	
32941	12	1	1	0	0,1800,0,1101,0								
33422	3	1	1	0	0,0,1101,0,0								
33903	3	1	1	0	0,1101,0,1801,0								
34383	8	1	1	0	0,0,1101,0,0								
34800	1	1	1	0	1601,1601,0,0,0								
34865	8	1	1	0	0,0,0,1101,0								
35000	1	1	1	0	1601,1601,0,0,0								
35200	1	1	1	0	1601,1601,0,0,0								
35346	4	1	1	0	0,0,0,1101,0								
35400	1	1	1	0	1601,1601,0,0,0								
35600	1	1	1	0	1601,1601,0,0,0								
35800	1	1	1	0	1601,1601,0,0,0								
35826	4	1	1	0	0,0,1101,0,0								
36548	9	1	1	0	0,1101,0,0,0								
36788	8	1	1	0	0,1101,0,0,0								
37149	2	1	1	0	1101,0,0,0,0								
37149	5	1	1	0	0,1101,0,0,0								
37149	10	1	1	0	0,0,1101,0,0								
37149	4	1	1	0	0,0,0,1101,0								
37149	9	1	1	0	0,0,0,0,1101						star		
