dTest							
StartTime	HairColor	AIHairColor	ShockEffect	SoundEffect	Line	Stair	progress
2088	9	1	1	0	0,0,1101,0,0		
3114	9	1	1	0	0,1101,0,0,0		
3370	9	1	1	0	0,1101,0,1202,0		
4652	4	1	1	0	0,1202,0,1101,0		
5678	4	1	1	0	0,1101,0,0,0		
6000	1	1	1	0	0,0,0,0,0	0,0,0,1501,0	
6200	1	1	1	0	0,0,0,0,0	0,0,0,1503,0	
6703	4	1	1	0	0,0,0,1101,0		
7216	4	1	1	0	0,1202,0,1101,0		
7473	4	1	1	0	0,1202,0,1101,0		
7985	4	1	1	0	0,0,0,1101,0		
8600	1	1	1	0	0,0,0,0,0	0,0,0,1505,0	
9780	5	1	1	0	0,0,1101,0,0		
10806	5	1	1	0	0,1101,0,0,0		
11319	5	1	1	0	0,1101,0,1202,0		
11575	5	1	1	0	0,1101,0,1202,0		
12088	5	1	1	0	0,1101,0,0,0		star
12857	8	1	1	0	0,0,1301,0,0		
13883	8	1	1	0	0,1101,0,0,0		
14396	8	1	1	0	0,1101,0,0,0		
14652	8	1	1	0	0,1101,0,0,0		
14908	8	1	1	0	0,1101,0,0,0		
15934	10	1	1	0	0,0,0,1101,0		
16447	10	1	1	0	0,0,0,1101,0		
16703	10	1	1	0	0,0,0,1101,0		
16960	10	1	1	0	0,0,0,1101,0		
17729	10	1	1	0	0,0,1302,0,0		
18242	12	1	1	0	1201,0,1101,0,1201		
18498	12	1	1	0	0,0,1101,0,0		
18755	12	1	1	0	1201,0,1101,0,1201		
19011	12	1	1	0	0,0,1101,0,0		
19780	6	1	1	0	0,1101,0,0,0		
19800	1	1	1	0	0,0,0,0,0	1501,1501,0,0,0	
20000	1	1	1	0	0,0,0,0,0	1503,1503,0,0,0	
20293	6	1	1	0	1101,0,1601,1601,0		
20493	6	1	1	0	0,0,1601,1601,0		
20550	6	1	1	0	1101,0,1601,1601,0		
20750	6	1	1	0	0,0,1601,1601,0		
20806	6	1	1	0	1101,0,1601,1601,0		
21006	6	1	1	0	0,0,1601,1601,0		
21062	6	1	1	0	1101,0,1601,1601,0		
21200	1	1	1	0	0,0,0,0,0	1505,1505,0,0,0	
22088	3	1	1	0	0,0,1401,0,0		
22601	3	1	1	0	1101,1101,1101,0,0		
23114	3	1	1	0	0,0,1101,1101,1101		
23626	3	1	1	0	0,1101,1101,1101,0		
23883	3	1	1	0	0,1101,1101,1101,0		
24396	3	1	1	0	1101,1101,1101,1101,1101		star
25165	8	1	1	0	0,0,1101,0,1201		
26191	8	1	1	0	0,1101,0,0,0		
26703	8	1	1	0	0,0,1101,0,1201		
27216	8	1	1	0	0,1101,0,0,0		
27729	8	1	1	0	0,0,1101,0,0		
27985	8	1	1	0	1201,0,1101,0,0		
28498	8	1	1	0	0,0,1101,0,0		
29267	10	1	1	0	0,0,1101,0,0		
30293	4	1	1	0	0,1202,0,1101,0		
30806	4	1	1	0	0,0,0,1101,0		
31062	4	1	1	0	0,1202,0,1101,0		
31319	4	1	1	0	0,0,0,1101,0		
32344	2	1	1	0	0,1101,0,1202,0		
32857	2	1	1	0	0,1101,0,0,0		
33114	2	1	1	0	0,1101,0,1202,0		
33370	2	1	1	0	0,1101,0,0,0		
34139	6	1	1	0	0,0,1101,0,0		
34200	1	1	1	0	0,0,0,0,0	0,1501,1501,0,0	
34652	6	1	1	0	0,1101,0,0,0		
34852	6	1	1	0	0,0,0,0,0		
34908	6	1	1	0	0,1101,0,0,0		
35000	6	1	1	0	0,0,0,0,0	0,1505,1505,0,0	
35165	6	1	1	0	0,1101,0,0,0		
35365	6	1	1	0	0,0,0,0,0		
35421	6	1	1	0	0,1101,0,0,0		
36191	9	1	1	0	0,0,1101,0,0		
36400	1	1	1	0	0,0,0,0,0	0,0,1501,1501,0	
36703	9	1	1	0	0,0,0,1101,0		
36903	6	1	1	0	0,0,0,0,0		
36960	9	1	1	0	0,0,0,1101,0		
37200	6	1	1	0	0,0,0,0,0	0,0,1505,1505,0	
37216	9	1	1	0	0,0,0,1101,0		
37416	6	1	1	0	0,0,0,0,0		
37473	9	1	1	0	0,0,0,1101,0		
37985	12	1	1	0	0,0,1101,0,0		
38242	12	1	1	0	0,0,1101,0,0		
38498	5	1	1	0	1101,0,0,0,0		
38498	4	1	1	0	0,1101,0,0,0		star
38498	12	1	1	0	0,0,1101,0,0		
38498	3	1	1	0	0,0,0,1101,0		
38498	8	1	1	0	0,0,0,0,1101		