Test										
StartTime	HairColor	AIHairColor	ShockEffect	SoundEffect	Line	Stair	movable	progress	door	decorate
1900	2	1	1	0	0,0,1101,0,0					
2368	9	1	1	0	0,1101,0,0,0					
2837	2	1	1	0	0,0,0,1101,0					
3800	4	1	1	0	0,0,0,0,0				1901_4_1_30,1901_11_3_10	
4712	4	1	1	0	1101,0,0,1202,0					
5181	5	1	1	0	0,1101,0,0,0					
5650	6	1	1	0	1101,0,0,1202,0					
6118	2	1	1	0	0,1101,0,0,0					
6587	4	1	1	0	1201,0,1101,0,0					
7056	5	1	1	0	0,0,0,1101,0					
7525	3	1	1	0	0,0,1301,0,0					
7993	5	1	1	0	0,0,1101,0,0					
8462	5	1	1	0	0,0,1101,0,0			star		
8931	2	1	1	0	0,1101,0,0,0					
9165	1	1	1	0	0,0,0,1205,0					
9400	2	1	1	0	0,1101,0,0,0					
9868	4	1	1	0	0,0,0,1101,0					
10102	1	1	1	0	0,1204,0,0,0					
10337	4	1	1	0	0,0,0,1101,0					
10806	4	1	1	0	0,0,1302,0,0					
11275	6	1	1	0	1201,0,1101,0,1201					
11743	6	1	1	0	1201,0,1101,0,1201					
12212	6	1	1	0	0,1101,0,0,0					
12681	6	1	1	0	1401,0,0,0,0					
13150	3	1	1	0	1101,1101,0,0,0					
13618	6	1	1	0	1101,1101,1101,0,0					
14087	8	1	1	0	1101,1101,1101,1101,0					
14556	11	1	1	0	1101,1101,1101,1101,1101					
15000	4	1	1	0	1601,0,0,0,1601	0,1501,0,0,0				
15200	1	1	1	0	1601,0,0,0,1601					
15400	1	1	1	0	1601,0,0,0,1601	0,1505,0,0,0				
15493	4	1	1	0	1601,1101,0,0,1601					
15493	2	1	1	0	1601,0,0,1101,1601					
15693	1	1	1	0	1601,0,0,0,1601					
15800	1	1	1	0	1601,0,0,0,1601					
15962	4	1	1	0	1601,0,0,0,1601					
16162	1	1	1	0	1601,0,0,0,1601					
16362	1	1	1	0	1601,0,0,0,1601					
16400	1	1	1	0	1601,0,0,0,1601					
16431	10	1	1	0	1601,0,1101,0,1601					
16431	2	1	1	0	1601,1101,0,0,1601					
16431	4	1	1	0	1601,0,0,1101,1601					
16631	1	1	1	0	1601,0,0,0,1601					
16800	1	1	1	0	1601,0,0,0,1601	0,0,0,1501,0		star		
17000	4	1	1	0	1601,0,0,0,1601					
17200	1	1	1	0	1601,0,0,0,1601	0,0,0,1505,0				
17368	4	1	1	0	1601,0,0,1101,1601					
17368	2	1	1	0	1601,1101,0,0,1601					
17837	4	1	1	0	0,1101,0,0,1201					
18300	4	1	1	0	0,0,0,0,0				1904_1_1,0	
18775	9	1	1	0	0,0,1101,0,0					
19243	9	1	1	0	0,0,0,1101,0					
19243	11	1	1	0	0,0,0,0,0					2002,0
19712	9	1	1	0	0,1101,0,0,0					
19712	10	1	1	0	0,0,0,0,0					0,2001
20181	9	1	1	0	0,0,1101,0,0					
20650	9	1	1	0	0,1101,0,1201,0					
21118	9	1	1	0	0,0,1101,0,0					
21587	9	1	1	0	0,1202,0,1101,0					
22056	9	1	1	0	0,0,0,0,1101					
22525	2	1	1	0	0,1202,0,1101,0					
22993	2	1	1	0	0,0,1101,0,0					
23462	2	1	1	0	0,1101,0,1202,0					
23931	2	1	1	0	1101,0,0,0,0					
24400	2	1	1	0	0,1101,0,1202,0					
24868	10	1	1	0	1601,1601,1101,1601,1601					
25068	4	1	1	0	1601,1601,0,1601,1601					
25268	4	1	1	0	1601,1601,0,1601,1601					
25337	11	1	1	0	1601,1601,1101,1601,1601					
25537	4	1	1	0	1601,1601,0,1601,1601					
25737	4	1	1	0	1601,1601,0,1601,1601					
25806	10	1	1	0	1601,1601,1101,1601,1601			star		
