Test										
StartTime	HairColor	AIHairColor	ShockEffect	SoundEffect	Line	Stair	movable	progress	door	decorate
2156	8	1	1	0	0,0,1101,0,0					
2617	1	1	1	0	0,0,0,0,1805					
3079	1	1	1	0	0,0,0,0,1805					
4002	4	1	1	0	0,1101,0,0,0					
4925	4	1	1	0	1101,0,0,1202,0					
5800	1	1	1	0	0,0,0,0,0		0,1701,1701,0,0			
5848	6	1	1	0	0,1101,0,0,0					
6000	1	1	1	0	0,0,0,0,0		0,1701,1701,0,0			
6200	1	1	1	0	0,0,0,0,0		0,1701,1701,0,0			
6310	6	1	1	0	0,1101,0,0,0					
6400	1	1	1	0	0,0,0,0,0		0,1701,1701,0,0			
6600	1	1	1	0	0,0,0,0,0		0,1701,1701,0,0			
6771	6	1	1	0	0,1101,0,0,0					
6800	1	1	1	0	0,0,0,0,0		0,1701,1701,0,0			
7694	2	1	1	0	0,0,1101,0,0					
8156	1	1	1	0	0,0,0,1803,0					
8617	9	1	1	0	0,0,0,0,1101					
9079	1	1	1	0	0,0,0,1803,0					
9540	10	1	1	0	1601,1601,0,1101,1601					
9740	10	1	1	0	1601,1601,0,0,1601					
9940	10	1	1	0	1601,1601,0,0,1601					
10002	10	1	1	0	1601,1601,0,1101,1601					
10202	10	1	1	0	1601,1601,0,0,1601					
10233	10	1	1	0	1601,1601,0,1101,1601					
10433	10	1	1	0	1601,1601,0,0,1601					
10463	10	1	1	0	1601,1601,0,1101,1601			star		
11400	4	1	1	0	0,0,0,0,0				1901_8_4_2,1901_4_1_50	
12310	8	1	1	0	1101,0,0,0,0					
12771	1	1	1	0	0,0,0,0,1805					
13233	1	1	1	0	0,0,0,1601,1601					2003,0
13433	1	1	1	0	0,0,0,1601,1601					
13633	1	1	1	0	0,0,0,1601,1601					
13694	1	1	1	0	0,0,0,1601,1601					
13894	1	1	1	0	0,0,0,1601,1601					
13925	1	1	1	0	0,0,0,1601,1601					
14125	1	1	1	0	0,0,0,1601,1601					
14156	1	1	1	0	0,0,0,1601,1601					
15079	2	1	1	0	0,0,1301,0,0					
15540	2	1	1	0	0,0,1101,0,0					
16002	2	1	1	0	0,0,1101,0,0					
16233	2	1	1	0	0,0,1101,0,0					
16463	2	1	1	0	0,0,1101,0,0					
16925	4	1	1	0	0,1101,0,0,0					
17386	4	1	1	0	0,1101,0,0,0					
17617	1	1	1	0	0,0,0,1205,0					
17848	4	1	1	0	0,1101,0,0,0					
18079	4	1	1	0	0,1101,0,0,0					
18310	4	1	1	0	0,1101,0,0,0					
18771	10	1	1	0	0,0,1101,0,0					
19233	10	1	1	0	0,0,1101,0,0					
19694	10	1	1	0	0,0,0,0,0					
20156	10	1	1	0	0,0,1302,0,0					
20617	10	1	1	0	0,0,0,0,0					
21079	10	1	1	0	0,0,0,0,0					
21600	1	1	1	0	1601,1601,0,0,0					
21771	12	1	1	0	0,0,0,0,0			star		0,2002
21800	1	1	1	0	1601,1601,0,0,0					
22000	1	1	1	0	1601,1601,0,0,0					
22002	12	1	1	0	0,0,0,0,0					
22200	1	1	1	0	1601,1601,0,0,0					
22233	12	1	1	0	0,0,0,0,0					
22400	1	1	1	0	1601,1601,0,0,0					
22600	1	1	1	0	1601,1601,0,0,0					
23156	3	1	1	0	0,1101,0,0,0					
23386	3	1	1	0	0,1101,0,0,0					
23848	1	1	1	0	0,0,1101,0,0					
24310	5	1	1	0	0,0,1101,0,1201					
24771	5	1	1	0	0,1101,0,1201,0					
25233	5	1	1	0	0,0,1101,0,1201					
25694	5	1	1	0	0,1101,0,1201,0					
25800	1	1	1	0	0,0,0,0,0	1501,1501,1501,1501,1501				
26600	1	1	1	0	0,0,0,0,0	1503,1503,1503,1503,1503				
26848	8	1	1	0	0,0,0,1401,0					
27079	8	1	1	0	1201,0,1101,1101,1101					
27540	8	1	1	0	1101,1101,1101,0,1201					
28002	8	1	1	0	1201,0,1101,1101,1101					
28463	9	1	1	0	1101,1101,1101,0,1201					
28925	9	1	1	0	1201,0,1101,1101,1101					
29386	9	1	1	0	1101,1101,1101,0,0					
30000	1	1	1	0	0,0,0,0,0	1505,1505,1505,1505,1505				
30771	6	1	1	0	1101,1101,0,0,0					
31233	6	1	1	0	0,0,1101,0,1801					
31233	2	1	1	0	0,0,0,1101,0					
31694	6	1	1	0	1101,0,0,0,0					
31694	2	1	1	0	0,1101,0,0,0					
32156	6	1	1	0	0,0,1101,0,1801					
32156	2	1	1	0	0,0,0,1101,0					
32617	6	1	1	0	1101,0,0,0,0					
32617	2	1	1	0	0,1101,0,0,0					
33100	1	1	1	0	0,0,0,0,0				1902_12_1_100,0	
34463	12	1	1	0	1101,0,0,0,1201					
34463	1	1	1	0	0,0,1101,0,0					
34925	10	1	1	0	1201,0,0,0,1101					
34925	1	1	1	0	0,0,1101,0,0					
35386	12	1	1	0	0,0,1101,0,0					
35617	10	1	1	0	0,0,1101,0,0					
35848	12	1	1	0	0,0,1101,0,0					
36079	10	1	1	0	0,0,1101,0,0					
36310	2	1	1	0	1101,0,0,0,0					
36310	4	1	1	0	0,1101,0,0,0					
36310	12	1	1	0	0,0,1101,0,0					
36310	4	1	1	0	0,0,0,1101,0					
36310	2	1	1	0	0,0,0,0,1101			star		
