Test												
StartTime	HairColor	AIHairColor	ShockEffect	SoundEffect	Line	LineType	SkyLine	Stair	movable	progress	door	decorate
939	2	1	1	0	0,0,1101,0,0							
1842	2	1	1	0	0,0,1201,0,1101							
2518	9	1	1	0	0,1202,0,1101,0							
2970	9	1	1	0	0,1202,0,1101,0							
3600	4	1	1	0	0,0,0,0,0						1907_1_1,1901_3_3_5	
4200	1	1	1	0	0,0,0,1601,1601							
4323	4	1	1	0	0,1101,0,0,0							
4400	1	1	1	0	0,0,0,1601,1601							
4600	1	1	1	0	0,0,0,1601,1601							
4774	4	1	1	0	0,1101,0,0,0							
4800	1	1	1	0	0,0,0,1601,1601							
5451	12	1	1	0	1101,0,0,0,0							
5902	12	1	1	0	0,1101,0,0,0							
6353	8	1	1	0	0,0,1101,0,1802							
6579	8	1	1	0	0,0,1101,0,0							
6804	8	1	1	0	0,0,1101,0,0							
7030	8	1	1	0	0,1802,1101,0,0							
7481	6	1	1	0	0,0,0,1101,0							
7706	6	1	1	0	0,0,0,1101,0							
8158	2	1	1	0	0,0,2101,0,0							
9060	2	1	1	0	0,0,1101,0,0					star		
9600	1	1	1	0	0,0,0,0,0	1	11111					
9736	2	1	1	0	0,1101,0,1202,0							
9736	4	1	1	0	0,1101,0,0,0	1						
10188	2	1	1	0	0,1101,0,0,0							
10188	4	1	1	0	0,1101,0,0,0	1						
10864	8	1	1	0	0,0,1101,0,0							
10864	9	1	1	0	0,0,1101,0,0	1						
11090	9	1	1	0	0,0,1101,0,0	1						
11315	8	1	1	0	0,1202,0,1101,0							
11315	9	1	1	0	0,0,1101,0,0	1						
11541	8	1	1	0	0,0,0,1101,0							
11541	9	1	1	0	0,0,1101,0,0	1						
11992	8	1	1	0	0,0,1101,0,0							
11992	9	1	1	0	0,0,0,1101,0	1						
12669	11	1	1	0	0,0,1101,0,0							
12669	1	1	1	0	0,0,0,0,0	1					1901_11_3_2,1901_1_4_2	
13200	1	1	1	0	0,0,0,0,0	1	11111					
13200	1	1	1	0	0,0,0,0,0	1	11011					
13571	11	1	1	0	0,0,1101,0,0							
13571	1	1	1	0	1201,1201,0,1201,1201	1						
13797	11	1	1	0	0,0,1101,0,0							
13797	1	1	1	0	1201,1201,0,1201,1201	1						
14022	11	1	1	0	0,0,1101,0,0							
14022	1	1	1	0	1201,1201,0,1201,1201	1						
14248	11	1	1	0	0,0,1101,0,0							
14248	1	1	1	0	1201,1201,0,1201,1201	1						
14400	1	1	1	0	0,0,0,0,0	1	11011					
15500	4	1	1	0	0,0,1210,0,0							
15800	1	1	1	0	0,0,0,0,0			0,0,1501,1501,1501				
16278	12	1	1	0	0,1601,1101,0,0							2002,0
16478	12	1	1	0	0,1601,0,0,0							
16503	12	1	1	0	0,1601,1101,0,0							
16703	12	1	1	0	0,1601,0,0,1802							
16729	12	1	1	0	0,1601,1101,0,0							
16929	12	1	1	0	0,1601,0,0,0							
16955	12	1	1	0	0,1601,1101,0,0							
17155	12	1	1	0	0,1601,0,0,0							
17200	12	1	1	0	0,1601,0,0,0			0,0,1503,1503,1503				
17406	12	1	1	0	0,1601,0,1101,0							
17606	12	1	1	0	0,1601,0,0,0							
17800	1	1	1	0	0,1601,0,0,0			0,0,1502,1502,1502				
17806	12	1	1	0	0,1601,0,0,0							
18006	12	1	1	0	0,1601,0,0,0							
18082	3	1	1	0	0,1601,0,1802,1101							
18282	12	1	1	0	0,1601,0,0,0							
18308	3	1	1	0	0,1601,0,0,1101							
18508	12	1	1	0	0,1601,0,0,0							
18533	3	1	1	0	0,1601,0,0,1101							
18733	12	1	1	0	0,1601,0,0,0							
18759	3	1	1	0	0,1601,0,0,1101							
18959	12	1	1	0	0,1601,0,0,0					star		
19000	12	1	1	0	0,0,0,0,0			0,0,1503,1503,1503				
19210	3	1	1	0	0,0,0,1101,0							
19887	11	1	1	0	0,0,1101,0,1801							
20112	11	1	1	0	0,0,1101,0,0							
20400	11	1	1	0	0,0,1401,0,0			0,0,1505,1505,1505				
20789	3	1	1	0	1101,1101,0,0,0							
20789	9	1	1	0	0,0,1101,1101,1101							
21240	6	1	1	0	1101,1101,0,0,0							
21240	9	1	1	0	0,0,1101,1101,1101							
21691	8	1	1	0	1101,1101,0,0,0							
21691	9	1	1	0	0,0,1101,1101,1101							
22143	4	1	1	0	1101,1101,0,0,0							
22143	9	1	1	0	0,0,1101,1101,1101							
22594	11	1	1	0	1101,1101,0,0,0							
22594	11	1	1	0	0,0,1101,1101,1101							
23400	8	1	1	0	0,0,0,0,0						1901_2_3_2,1901_8_4_2	
24173	8	1	1	0	1101,0,1202,0,0							
24173	2	1	1	0	0,0,0,0,1101							
24624	8	1	1	0	1101,0,1202,0,0							
24624	2	1	1	0	0,0,0,0,1101							
25300	4	1	1	0	0,0,1101,0,0							
25977	4	1	1	0	0,1202,0,1101,0							
26428	4	1	1	0	0,0,0,1101,0							
26879	6	1	1	0	0,0,1101,0,1801							
26879	3	1	1	0	1101,0,0,0,0							
27105	6	1	1	0	0,0,1101,0,0							
27105	3	1	1	0	1101,1201,0,0,0							
27330	6	1	1	0	0,0,1101,0,1801							
27330	3	1	1	0	1101,0,0,0,0							
27556	6	1	1	0	0,0,1101,0,0							
27556	3	1	1	0	1101,1201,0,0,0							
28007	2	1	1	0	1800,0,1101,0,0							
28007	4	1	1	0	0,0,0,0,1101							
28233	2	1	1	0	0,0,1101,1201,0							
28233	4	1	1	0	0,0,0,0,1101							
28458	2	1	1	0	1800,0,1101,0,0							
28458	4	1	1	0	0,0,0,0,1101							
28684	2	1	1	0	0,0,1101,1201,0							
28684	4	1	1	0	0,0,0,0,1101							
29135	12	1	1	0	0,0,0,0,0							
29361	1	1	1	0	1101,0,0,0,0							
29361	2	1	1	0	0,1101,0,0,0							
29361	12	1	1	0	0,0,1101,0,0							
29361	3	1	1	0	0,0,0,1101,0							
29361	4	1	1	0	0,0,0,0,1101					star		
