Test												
StartTime	HairColor	AIHairColor	ShockEffect	SoundEffect	Line	LineType	SkyLine	Stair	movable	progress	door	decorate
1311	8	1	1	0	0,0,1101,0,0							
2234	8	1	1	0	0,1101,0,1202,0							
3000	1	1	1	0	0,0,1601,1601,1601							
3157	8	1	1	0	1101,0,0,0,0							
3200	1	1	1	0	0,0,1601,1601,1601							
3400	1	1	1	0	0,0,1601,1601,1601							
3600	1	1	1	0	0,0,1601,1601,1601							
3619	8	1	1	0	1101,0,0,0,0							
3800	1	1	1	0	0,0,1601,1601,1601							
4000	1	1	1	0	0,0,1601,1601,1601							
4080	8	1	1	0	1101,0,0,0,0							
5003	3	1	1	0	0,0,1101,0,0							
5926	3	1	1	0	0,1202,0,1101,0							
6850	3	1	1	0	0,0,1101,0,0							
7800	3	1	1	0	0,0,0,0,0						1902_3_1_100,0	
8600	1	1	1	0	0,1601,1601,1601,0							
8696	3	1	1	0	0,0,0,0,0							2002,0
8696	4	1	1	0	0,0,0,0,1101							
8800	1	1	1	0	0,1601,1601,1601,0							
9000	1	1	1	0	0,1601,1601,1601,0							
9200	1	1	1	0	0,1601,1601,1601,0							
9400	1	1	1	0	0,1601,1601,1601,0							
9600	1	1	1	0	0,1601,1601,1601,0							
9619	4	1	1	0	0,0,0,0,1101							
9800	1	1	1	0	0,1601,1601,1601,0							
10000	1	1	1	0	0,1601,1601,1601,0							
10200	1	1	1	0	0,1601,1601,1601,0							
10400	1	1	1	0	0,1601,1601,1601,0							
10542	4	1	1	0	0,0,0,0,1101							
11465	4	1	1	0	0,0,1101,0,0					star		
11926	4	1	1	0	0,0,1101,0,0							
12388	6	1	1	0	0,0,0,1101,1801							
12850	3	1	1	0	1800,1101,0,0,0							
13311	6	1	1	0	0,0,0,1101,1801							
14696	12	1	1	0	0,0,1210,0,0							
15157	12	1	1	0	0,0,1101,0,0							
15388	12	1	1	0	0,0,1101,0,0							
15619	12	1	1	0	0,0,1101,0,0							
16080	12	1	1	0	0,0,1301,0,0							
16542	4	1	1	0	0,0,1101,0,0							
16773	4	1	1	0	0,0,1101,0,0							
17003	4	1	1	0	0,0,1101,0,0							
17465	4	1	1	0	0,0,1101,0,0							
17926	9	1	1	0	0,1101,0,0,0							
18157	9	1	1	0	0,1101,0,1205,0							
18388	9	1	1	0	0,1101,0,0,0							
18850	9	1	1	0	0,0,1101,0,0							
19773	8	1	1	0	0,0,1101,0,0					star		
20234	8	1	1	0	0,0,0,1101,0							
20465	8	1	1	0	0,1204,0,1101,0							
20696	8	1	1	0	0,0,0,1101,0							
21157	8	1	1	0	0,0,0,1101,0							
21619	2	1	1	0	0,0,1101,0,0							
21850	2	1	1	0	0,0,1101,0,0							
22080	2	1	1	0	0,0,1101,0,0							
22542	2	1	1	0	0,0,1302,0,0							
23465	2	1	1	0	0,0,1401,0,0							
24157	4	1	1	0	1101,1101,0,0,0							
24388	4	1	1	0	0,1101,1101,0,0							
24619	4	1	1	0	0,0,1101,1101,0							
24850	3	1	1	0	0,0,0,1101,1101							
25080	3	1	1	0	1101,1101,1101,1101,1101							
25311	12	1	1	0	1101,1101,1101,1101,1101							
26200	1	1	1	0	0,1601,1601,0,1601							
26234	8	1	1	0	0,0,0,1101,0							
26234	11	1	1	0	1101,0,0,0,0							
26400	1	1	1	0	0,1601,1601,0,1601							
26600	1	1	1	0	0,1601,1601,0,1601							
26696	8	1	1	0	0,0,0,1101,0							
26696	11	1	1	0	1101,0,0,0,0							
26800	1	1	1	0	0,1601,1601,0,1601							
27000	1	1	1	0	0,1601,1601,0,1601							
27157	8	1	1	0	0,0,0,1101,0							
27157	11	1	1	0	1101,0,0,0,0							
28080	10	1	1	0	0,0,1101,0,0							
28542	10	1	1	0	0,1101,0,1202,0							
29000	1	1	1	0	0,0,1601,0,1601							
29003	10	1	1	0	1101,0,0,0,0							
29003	5	1	1	0	0,0,0,1101,0							
29200	1	1	1	0	0,0,1601,0,1601							
29234	10	1	1	0	1101,0,0,0,0							
29234	5	1	1	0	0,0,0,1101,0							
29400	1	1	1	0	0,0,1601,0,1601							
29465	10	1	1	0	1101,0,0,0,0							
29465	5	1	1	0	0,0,0,1101,0							
29600	1	1	1	0	0,0,1601,0,1601							
29926	10	1	1	0	1101,0,0,0,0							
29926	5	1	1	0	0,0,0,2101,0							
30400	11	1	1	0	0,0,0,0,0						1909_1_1,0	
30850	12	1	1	0	0,1101,0,0,0							
31200	1	1	1	0	0,0,0,0,0	1	11011					
31200	1	1	1	0	0,0,0,1601,1601							
31311	3	1	1	0	0,0,1101,0,0							
31311	8	1	1	0	0,1101,0,0,0	1						
31311	7	1	1	0	0,0,0,1101,0	1						
31400	1	1	1	0	1800,0,0,1601,1601							
31542	3	1	1	0	0,0,1101,0,0							
31542	8	1	1	0	0,1101,0,0,0	1						
31542	7	1	1	0	0,0,0,1101,0	1						
31600	1	1	1	0	0,0,0,1601,1601							
31773	8	1	1	0	0,1101,0,0,0	1						
31773	7	1	1	0	0,0,0,1101,0	1						
31800	1	1	1	0	0,0,0,1601,1601							
32000	1	1	1	0	0,0,0,1601,1601							
32003	8	1	1	0	0,1101,0,0,0	1						
32003	7	1	1	0	0,0,0,1101,0	1						
32200	1	1	1	0	0,0,0,1601,1601							
32234	12	1	1	0	0,1101,0,0,0							
32234	8	1	1	0	0,1402,0,0,0	1						
32234	7	1	1	0	0,0,0,1101,0	1						
32400	1	1	1	0	0,0,0,1601,1601							
32400	1	1	1	0	0,0,0,0,0	1	11011					
32400	1	1	1	0	0,0,0,0,0	1	11111					
32600	1	1	1	0	0,0,0,1601,1601							
32696	12	1	1	0	0,0,1101,0,0	1						
32800	1	1	1	0	0,0,0,1601,1601							
33200	1	1	1	0	0,0,0,0,0	1	11111					
33200	1	1	1	0	0,0,0,0,0	1	11011					
33000	1	1	1	0	0,0,0,1601,1601							
33157	4	1	1	0	1101,0,0,0,0							
33157	8	1	1	0	0,0,0,1101,0	1						
33157	7	1	1	0	0,1101,0,0,0	1						
33200	1	1	1	0	0,0,1801,1601,1601							
33388	4	1	1	0	1101,0,0,0,0							
33388	7	1	1	0	0,1101,0,0,0	1						
33388	8	1	1	0	0,0,0,1101,0	1						
33400	1	1	1	0	0,0,0,1601,1601							
33600	1	1	1	0	0,0,0,1601,1601							
33619	8	1	1	0	0,0,0,1101,0	1						
33619	7	1	1	0	0,1101,0,0,0	1						
33800	1	1	1	0	0,0,0,1601,1601							
33849	7	1	1	0	0,1101,0,0,0	1						
33849	8	1	1	0	0,0,0,1101,0	1						
34000	1	1	1	0	0,0,0,1601,1601							
34080	12	1	1	0	0,1101,0,0,0							
34080	8	1	1	0	0,0,0,1101,0	1						
34080	7	1	1	0	0,1101,0,0,0	1						
34200	1	1	1	0	0,0,0,1601,1601							
34400	1	1	1	0	0,0,0,1601,1601							
34400	1	1	1	0	0,0,0,0,0	1	11011					
34400	1	1	1	0	0,0,0,0,0	1	11111					
34542	12	1	1	0	0,0,1101,0,0	1						
34600	1	1	1	0	0,0,0,1601,1601							
34800	1	1	1	0	0,0,0,1601,1601							
35200	1	1	1	0	0,0,0,0,0	1	11111					
35200	1	1	1	0	0,0,0,0,0	1	11011					
35000	1	1	1	0	0,0,0,1601,1601							
35003	3	1	1	0	0,0,1101,0,0							
35003	8	1	1	0	0,1101,0,0,0	1						
35003	7	1	1	0	0,0,0,1101,0	1						
35200	1	1	1	0	1800,0,0,1601,1601							
35234	3	1	1	0	0,0,1101,0,0							
35234	8	1	1	0	0,1101,0,0,0	1						
35234	7	1	1	0	0,0,0,1101,0	1						
35400	1	1	1	0	0,0,0,1601,1601							
35465	8	1	1	0	0,1101,0,0,0	1						
35465	7	1	1	0	0,0,0,1101,0	1						
35600	1	1	1	0	0,0,0,1601,1601							
35696	8	1	1	0	0,1101,0,0,0	1						
35696	7	1	1	0	0,0,0,1101,0	1						
35800	1	1	1	0	0,0,0,1601,1601							
35926	12	1	1	0	0,1101,0,0,0							
35926	8	1	1	0	0,1101,0,0,0	1						
35926	7	1	1	0	0,0,0,1101,0	1						
36000	1	1	1	0	0,0,0,0,0	1	11011					
36388	10	1	1	0	0,1101,0,0,0							
36850	10	1	1	0	0,1101,0,0,0							
37311	10	1	1	0	1101,0,0,0,0							
37311	11	1	1	0	0,0,1101,0,0							
37311	12	1	1	0	0,0,0,0,1101					star		
