Test									
StartTime	HairColor	AIHairColor	ShockEffect	SoundEffect	Line	Stair	movable	progress	door
2120	2	1	1	0	0,0,1101,0,0				
2793	2	1	1	0	0,0,0,1101,0				
3466	2	1	1	0	0,1202,0,0,1101				
4140	2	1	1	0	0,0,0,1101,0				
4308	2	1	1	0	0,1202,0,1101,0				
4645	2	1	1	0	0,0,0,1101,0				
5487	9	1	1	0	0,0,1101,0,1201				
6160	9	1	1	0	0,1101,0,0,0				
6800	1	1	1	0	0,0,0,0,0		0,1701,1701,1701,0		
6833	9	1	1	0	0,0,1101,0,0				
7000	1	1	1	0	0,0,0,0,0		0,1701,1701,1701,0		
7002	9	1	1	0	0,0,1101,0,0				
7200	1	1	1	0	0,0,0,0,0		0,1701,1701,1701,0		
7338	9	1	1	0	0,0,1101,0,0				
7400	1	1	1	0	0,0,0,0,0		0,1701,1701,1701,0		
8180	4	1	1	0	0,1202,0,1101,0				
8854	4	1	1	0	0,0,1101,0,0				
9527	4	1	1	0	0,1101,0,0,0				
9864	4	1	1	0	0,1101,0,1202,0				
10032	4	1	1	0	0,1101,0,0,0				
10537	3	1	1	0	0,0,1101,0,0				
10874	3	1	1	0	0,0,1101,0,0				
11379	3	1	1	0	0,0,0,1101,0			star	
11884	8	1	1	0	0,0,1101,0,1201				
12052	8	1	1	0	1201,0,1101,0,0				
12221	8	1	1	0	0,0,1101,0,1201				
12557	4	1	1	0	0,0,1301,0,0				
13231	4	1	1	0	0,0,1101,0,0				
13904	8	1	1	0	0,1101,0,0,0				
14577	4	1	1	0	0,1206,0,1101,0				
15251	8	1	1	0	0,1101,0,0,0				
15924	4	1	1	0	0,0,1302,0,0				
16598	6	1	1	0	0,0,1401,0,0				
16600	1	1	1	0	0,0,0,0,0	0,0,1501,0,0			
16934	2	1	1	0	1101,0,1101,0,1101				
17200	1	1	1	0	0,0,0,0,0	0,0,1505,0,0			
17271	2	1	1	0	0,1101,0,1101,0				
17608	9	1	1	0	0,1101,1101,1101,0				
17944	9	1	1	0	1101,1101,0,1101,1101				
19000	10	1	1	0	0,0,0,0,0				1901_10_3_2,1901_11_4_2
19628	10	1	1	0	1601,1101,0,0,1601				
19828	10	1	1	0	1601,0,0,0,1601				
19965	10	1	1	0	1601,1101,0,0,1601				
20165	10	1	1	0	1601,0,0,0,1601				
20301	10	1	1	0	1601,1101,0,0,1601				
20501	10	1	1	0	1601,0,0,0,1601				
20638	10	1	1	0	1601,1101,0,0,1601				
20806	10	1	1	0	1601,1101,0,0,1601				
19628	11	1	1	0	0,0,0,1101,0				
19828	11	1	1	0	0,0,0,0,0				
19965	11	1	1	0	0,0,0,1101,0				
20165	11	1	1	0	0,0,0,0,0				
20301	11	1	1	0	0,0,0,1101,0				
20501	11	1	1	0	0,0,0,0,0				
20638	11	1	1	0	0,0,0,1101,0				
20806	11	1	1	0	0,0,0,1101,0				
21311	8	1	1	0	1101,0,0,0,0				
21985	8	1	1	0	1201,0,1101,0,0				
22658	8	1	1	0	1101,0,0,0,0			star	
23200	1	1	1	0	0,0,0,0,0	0,0,1501,1501,1501			
23332	9	1	1	0	0,1601,1101,0,1601				
23532	10	1	1	0	0,1601,0,0,1601				
23668	9	1	1	0	0,1601,1101,0,1601				
24600	1	1	1	0	0,1601,0,0,1601	0,0,1505,1505,1505			
24678	2	1	1	0	0,1601,0,0,1101				
24878	10	1	1	0	0,1601,0,0,0				
25015	2	1	1	0	0,1601,0,0,1101				
26025	4	1	1	0	0,1202,0,1101,0				
26362	4	1	1	0	0,0,1101,0,0				
26699	4	1	1	0	0,1202,0,1101,0				
27035	4	1	1	0	0,0,0,0,1101				
27372	4	1	1	0	0,1201,0,1101,0				
28045	6	1	1	0	0,1101,0,1601,1601				
28245	10	1	1	0	0,0,0,1601,1601				
28382	6	1	1	0	0,1101,0,1601,1601				
28582	10	1	1	0	0,0,0,1601,1601				
28719	6	1	1	0	0,1101,0,1601,1601				
28887	6	1	1	0	0,1101,0,1601,1601				
29700	12	1	1	0	0,0,0,0,0				1902_12_1_100,0
31076	3	1	1	0	0,0,0,0,1101				
31412	3	1	1	0	0,0,1202,0,1101				
31749	3	1	1	0	0,0,0,0,1101				
32759	9	1	1	0	0,0,1101,0,0				
33433	9	1	1	0	0,1101,0,0,0				
34106	9	1	1	0	1101,0,0,0,0				
34443	2	1	1	0	1101,0,0,0,0				
34443	4	1	1	0	0,1101,0,0,0				
34443	11	1	1	0	0,0,1101,0,0				
34443	3	1	1	0	0,0,0,1101,0				
34443	9	1	1	0	0,0,0,0,1101			star	