Test								
StartTime	HairColor	AIHairColor	ShockEffect	SoundEffect	Line	Stair	progress	door
1040	8	1	1	0	0,0,1101,0,0			
1581	8	1	1	0	0,0,1101,0,0			
2121	8	1	1	0	0,0,1101,0,0			
2662	8	1	1	0	0,1101,0,1202,0			
3202	8	1	1	0	1101,0,0,1202,0			
3743	8	1	1	0	0,1101,0,1202,0			
4283	8	1	1	0	0,0,1101,0,0			
4554	8	1	1	0	0,0,1301,0,0			
4824	2	1	1	0	0,0,1101,0,0			
5365	2	1	1	0	0,1206,0,1101,0			
5905	2	1	1	0	0,0,1101,0,0			
6445	2	1	1	0	0,0,1302,0,0			
6986	4	1	1	0	0,1101,0,1202,0			
7527	4	1	1	0	0,1202,0,1101,0			
8000	4	1	1	0	0,0,0,0,0		star	1902_11_3_4,0
9000	1	1	1	0	0,0,0,0,0	0,0,1501,1501,1501		
9148	9	1	1	0	0,0,1101,0,0			
9689	6	1	1	0	0,0,0,0,1101			
10229	9	1	1	0	0,0,1101,0,0			
10600	9	1	1	0	0,0,0,0,0	0,0,1505,1505,1505		
10770	6	1	1	0	0,0,0,0,1101			
11310	8	1	1	0	0,0,0,1101,0			
11851	8	1	1	0	0,0,0,1101,0			
12391	8	1	1	0	0,0,1101,1201,0			
12932	8	1	1	0	0,1101,0,0,0			
13400	1	1	1	0	0,0,0,0,0	1501,1501,1501,0,0		
13472	3	1	1	0	1101,0,0,1201,0			
14013	3	1	1	0	1101,0,0,0,0			
14554	3	1	1	0	1201,1101,0,0,0			
15094	3	1	1	0	0,0,1101,0,0			
15200	1	1	1	0	0,0,0,0,0	1505,1505,1505,0,0		
15364	3	1	1	0	0,0,1401,0,0			
15635	10	1	1	0	1101,1101,1101,0,0			
15905	10	1	1	0	1101,1101,1101,0,0			
16175	10	1	1	0	1101,1101,1101,0,0		star	
16716	10	1	1	0	1101,1101,1101,0,0			
17600	1	1	1	0	0,0,0,0,0	1501,1501,1501,0,0		
17797	5	1	1	0	0,0,1101,0,0			
18338	2	1	1	0	1101,0,0,0,0			
18878	5	1	1	0	0,0,1101,0,0			
19400	1	1	1	0	0,0,0,0,0	1505,1505,1505,0,0		
19419	2	1	1	0	1101,0,0,0,0			
19959	9	1	1	0	0,1101,0,0,0			
20500	9	1	1	0	0,1101,0,0,0			
21040	9	1	1	0	0,1201,1101,0,0			
21581	9	1	1	0	0,0,0,1101,0			
22121	4	1	1	0	0,1202,0,0,1101			
22662	4	1	1	0	0,1202,0,0,1101			
23203	4	1	1	0	0,0,0,1101,1201			
23743	4	1	1	0	0,0,1101,0,0			
24284	11	1	1	0	0,1101,0,0,0			
24824	11	1	1	0	0,0,0,1101,0			
25365	2	1	1	0	1101,0,0,0,0			
25365	4	1	1	0	0,1101,0,0,0			
25365	11	1	1	0	0,0,1101,0,0			
25365	8	1	1	0	0,0,0,1101,0			
25365	9	1	1	0	0,0,0,0,1101		star	