Test										
StartTime	HairColor	AIHairColor	ShockEffect	SoundEffect	Line	Stair	movable	progress	door	decorate
800	1	1	1	0	0,0,0,0,0	0,1501,1501,1501,0				
866	6	1	1	0	0,0,1101,0,0					
1199	6	1	1	0	0,0,1101,0,0					
1533	6	1	1	0	0,1101,0,0,0					
1866	6	1	1	0	0,1101,0,0,0					
2400	1	1	1	0	0,0,0,0,0	0,1503,1503,1503,0				
2533	6	1	1	0	0,0,1803,1101,0					
3200	6	1	1	0	0,0,1101,0,0					
4533	4	1	1	0	0,1101,0,0,0					
5200	4	1	1	0	0,0,1803,1101,0					
5800	4	1	1	0	0,0,1101,0,0					
6800	1	1	1	0	0,0,0,0,0	0,1505,1505,1505,0				
7200	2	1	1	0	0,0,1101,0,0					
7533	2	1	1	0	0,1101,0,0,0					
7866	2	1	1	0	0,0,1101,0,0					
8200	2	1	1	0	0,0,0,1101,0			star		
8533	2	1	1	0	0,0,1101,0,0					
9866	5	1	1	0	0,1101,0,1201,0					
10200	5	1	1	0	0,1101,0,1201,0					
10866	5	1	1	0	0,1201,0,1101,0					
11200	5	1	1	0	0,0,1101,0,0					
12400	1	1	1	0	0,0,0,0,0		0,1701,1701,1701,0			
12533	8	1	1	0	0,1101,0,0,0					
12600	1	1	1	0	0,0,0,0,0		0,1701,1701,1701,0			
12800	1	1	1	0	0,0,0,0,0		0,1701,1701,1701,0			
13000	1	1	1	0	0,0,0,0,0		0,1701,1701,1701,0			
13200	8	1	1	0	0,0,0,1101,0		0,1701,1701,1701,0			
13400	1	1	1	0	0,0,0,0,0		0,1701,1701,1701,0			
13600	1	1	1	0	0,0,0,0,0		0,1701,1701,1701,0			
13800	1	1	1	0	0,0,0,0,0		0,1701,1701,1701,0			
13866	8	1	1	0	0,0,1101,0,0					
14000	1	1	1	0	0,0,0,0,0		0,1701,1701,1701,0			
15200	8	1	1	0	0,0,1401,0,0					
15533	8	1	1	0	1101,1101,1101,0,0					
15866	3	1	1	0	0,0,1101,1101,1101					
16200	8	1	1	0	1101,1101,1101,0,0			star		
16533	12	1	1	0	1101,1101,1101,1101,1101					
17200	1	1	1	0	0,0,1402,0,0					
17866	6	1	1	0	0,1202,0,1101,0					
18200	6	1	1	0	0,1202,0,0,1101					
17866	2	1	1	0	0,0,0,0,1101					
18200	2	1	1	0	0,0,0,1101,0					
18866	4	1	1	0	0,1101,0,0,0					
19000	1	1	1	0	0,0,0,0,0				0,1903_1_1	
19200	4	1	1	0	1101,0,0,0,0					
18866	5	1	1	0	1101,0,0,0,0					
19200	5	1	1	0	0,1101,0,0,0					
20533	10	1	1	0	1101,0,0,1601,1601					
20733	10	1	1	0	0,0,0,1601,1601					
20866	10	1	1	0	0,1101,0,1601,1601					
20533	11	1	1	0	0,1101,0,0,0					
20866	11	1	1	0	1101,0,0,0,0					
21533	11	1	1	0	0,0,0,1101,0					
21800	1	1	1	0	0,0,0,0,0					2001,0
21866	11	1	1	0	0,0,0,0,1101					
21533	10	1	1	0	0,0,0,0,1101					
21866	10	1	1	0	0,0,0,1101,0					
23200	12	1	1	0	1601,1601,1101,1601,1601					
23400	1	1	1	0	1601,1601,0,1601,1601					
23533	12	1	1	0	1601,1601,1101,1601,1601					
23733	1	1	1	0	1601,1601,0,1601,1601					
23933	1	1	1	0	1601,1601,0,1601,1601					
24133	1	1	1	0	1601,1601,0,1601,1601					
24200	10	1	1	0	1601,1601,1101,1601,1601					
24400	1	1	1	0	1601,1601,0,1601,1601					
24533	10	1	1	0	1601,1601,1101,1601,1601			star		
