Test									
StartTime	HairColor	AIHairColor	ShockEffect	SoundEffect	Line	Stair	movable	progress	door
1530	8	1	1	0	0,0,1101,0,0				
2780	9	1	1	0	0,0,1202,0,1101				
2780	5	1	1	0	1101,0,0,0,0				
4000	1	1	1	0	0,0,0,0,0	0,0,1501,0,0			
4030	2	1	1	0	0,1601,1101,1601,0				
4230	2	1	1	0	0,1601,0,1601,0				
4430	2	1	1	0	0,1601,0,1601,0				
4600	2	1	1	0	0,1601,0,1601,0	0,0,1505,0,0			
4753	2	1	1	0	0,1601,1101,1601,0				
4855	2	1	1	0	0,1601,0,1601,0				
5045	2	1	1	0	0,1601,0,1601,0				
5123	2	1	1	0	0,1601,1101,1601,0				
5983	2	1	1	0	1101,0,0,0,0				
5983	8	1	1	0	0,0,1101,0,0				
5983	5	1	1	0	0,0,0,0,1101				
6500	8	1	1	0	0,0,0,0,0				1901_5_1_30,1901_8_4_2
7780	6	1	1	0	0,0,1101,0,0				
8717	6	1	1	0	0,0,1301,0,0				
9342	10	1	1	0	0,0,1101,0,0				
9655	10	1	1	0	0,0,0,1101,0				
9967	10	1	1	0	0,0,1101,0,0				
10592	4	1	1	0	0,0,1302,0,0				
11400	1	1	1	0	0,0,0,0,0	0,0,1501,1501,1501			
11530	4	1	1	0	1201,0,0,1101,0			star	
12000	1	1	1	0	0,0,0,0,0	0,0,1505,1505,1505			
12155	4	1	1	0	1201,0,0,0,1101				
12780	4	1	1	0	1201,0,0,1101,0				
14000	1	1	1	0	0,0,0,0,0		0,1701,1701,1701,0		
14030	3	1	1	0	0,1101,0,0,0				
14200	1	1	1	0	0,0,0,0,0		0,1701,1701,1701,0		
14400	1	1	1	0	0,0,0,0,0		0,1701,1701,1701,0		
14600	1	1	1	0	0,0,0,0,0		0,1701,1701,1701,0		
14655	3	1	1	0	0,1101,0,0,0				
14800	1	1	1	0	0,0,0,0,0		0,1701,1701,1701,0		
15000	1	1	1	0	0,0,0,0,0		0,1701,1701,1701,0		
15123	3	1	1	0	0,1101,0,0,0				
15200	1	1	1	0	0,0,0,0,0		0,1701,1701,1701,0		
16530	8	1	1	0	0,0,0,0,0				
17430	1	1	1	0	0,0,1210,0,0				
18100	8	1	1	0	0,0,0,0,0				1902_8_1_30,0
19030	5	1	1	0	1601,1601,1601,1601,1101				
19230	5	1	1	0	1601,1601,1601,1601,0				
19342	5	1	1	0	1601,1601,1601,1601,1101				
19542	5	1	1	0	1601,1601,1601,1601,0				
19655	5	1	1	0	1601,1601,1601,1601,1101				
19855	5	1	1	0	1601,1601,1601,1601,0				
20055	5	1	1	0	1601,1601,1601,1601,0			star	
20123	5	1	1	0	1601,1601,1601,1601,1101				
20748	5	1	1	0	0,0,0,1101,0				
21530	9	1	1	0	1201,0,1101,0,0				
21842	9	1	1	0	0,0,1101,0,1201				
22155	9	1	1	0	1201,1101,0,0,0				
22467	9	1	1	0	0,1101,0,0,1201				
23248	9	1	1	0	1201,0,1101,0,0				
23717	9	1	1	0	0,0,1401,0,0				
24134	10	1	1	0	0,1101,0,1101,0				
24551	10	1	1	0	0,1101,1101,1101,0				
24967	10	1	1	0	0,1101,0,1101,0				
25748	1	1	1	0	0,0,0,0,1805				
26530	8	1	1	0	0,1202,0,1101,0				
26998	8	1	1	0	0,0,0,1101,0				
26530	9	1	1	0	0,0,0,0,1101				
26998	9	1	1	0	0,0,0,0,1101				
27467	8	1	1	0	0,0,1101,1201,0				
28248	8	1	1	0	0,1101,0,0,0				
29030	12	1	1	0	1101,0,0,0,0				
29655	12	1	1	0	1101,0,0,1202,0				
30123	12	1	1	0	1101,0,0,0,0				
29030	3	1	1	0	0,1101,0,0,0				
29655	4	1	1	0	0,1101,0,1202,0				
30123	3	1	1	0	0,1101,0,0,0				
30748	12	1	1	0	1201,1101,0,0,0				
31530	11	1	1	0	0,0,0,1101,0				
32467	11	1	1	0	0,0,1101,0,0				
33873	2	1	1	0	0,1101,0,0,0				
33873	8	1	1	0	1101,0,0,0,0				
33873	11	1	1	0	0,0,1101,0,0				
33873	3	1	1	0	0,0,0,1101,0				
33873	9	1	1	0	0,0,0,0,1101			star	