Test									
StartTime	HairColor	AIHairColor	ShockEffect	SoundEffect	Line	Stair	movable	progress	door
1368	8	1	1	0	0,0,1101,0,0				
2257	8	1	1	0	1101,0,1202,0,0				
2702	8	1	1	0	0,1101,0,0,0				
2257	9	1	1	0	0,0,0,0,1101				
2702	9	1	1	0	0,0,0,1101,0				
4035	6	1	1	0	0,0,0,1101,0				
4479	6	1	1	0	0,0,1101,0,0				
4035	5	1	1	0	0,1202,0,0,1101				
4479	5	1	1	0	0,0,0,1101,0				
5813	2	1	1	0	0,1101,0,0,0				
6257	2	1	1	0	0,0,1101,0,0				
5813	3	1	1	0	1101,0,0,1202,0				
6257	3	1	1	0	0,1101,0,0,0				
7591	4	1	1	0	0,0,1301,0,0				
8035	2	1	1	0	0,0,1101,0,0				
8479	2	1	1	0	0,0,1101,0,0				
8924	9	1	1	0	0,1206,0,1101,0				
9368	2	1	1	0	0,0,1101,0,0				
9813	4	1	1	0	0,1101,0,1206,0				
10257	2	1	1	0	0,0,1101,0,0				
10702	4	1	1	0	0,0,1302,0,0				
11146	6	1	1	0	0,0,1101,0,0			star	
12035	8	1	1	0	1101,0,1202,0,0				
12479	8	1	1	0	0,1101,0,0,0				
12924	6	1	1	0	0,0,1101,0,0				
13813	9	1	1	0	0,0,1202,0,1101				
14257	9	1	1	0	0,0,0,1101,0				
14702	8	1	1	0	0,1101,0,0,0				
15591	3	1	1	0	0,1202,0,1101,0				
16035	3	1	1	0	0,0,1101,0,0				
16479	8	1	1	0	0,0,0,1101,0				
17368	4	1	1	0	0,1101,0,1202,0				
17813	4	1	1	0	0,0,1101,0,0				
18257	8	1	1	0	0,0,1101,0,0				
19146	9	1	1	0	1201,0,0,1101,1201				
19591	9	1	1	0	1201,1101,0,0,1201				
20035	8	1	1	0	0,0,1101,0,0				
20924	5	1	1	0	1201,1101,0,0,1201				
21368	5	1	1	0	1201,0,0,1101,1201				
21813	8	1	1	0	0,0,1101,0,0				
22700	8	1	1	0	0,0,0,0,0				1902_11_3_2,0
23591	10	1	1	0	0,0,1101,0,0			star	
24035	10	1	1	0	0,1202,0,1101,0				
24479	10	1	1	0	0,0,1101,0,0				
24924	10	1	1	0	0,1101,0,1202,0				
25368	3	1	1	0	0,0,1101,0,0				
26257	4	1	1	0	0,0,0,0,1101				
26702	4	1	1	0	0,0,0,1101,0				
27146	3	1	1	0	0,0,1101,0,0				
28035	9	1	1	0	1101,0,0,0,0				
28479	9	1	1	0	0,1101,0,0,0				
28924	3	1	1	0	0,0,1101,0,0				
29813	6	1	1	0	0,0,1101,0,0				
30257	6	1	1	0	0,0,1101,0,0				
30702	6	1	1	0	0,0,1401,0,0				
31146	3	1	1	0	1601,1601,0,1101,1101				
31346	3	1	1	0	1601,1601,0,0,0				
31546	3	1	1	0	1601,1601,0,0,0				
31591	9	1	1	0	1101,1101,0,1601,1601				
31791	9	1	1	0	0,0,0,1601,1601				
31991	9	1	1	0	0,0,0,1601,1601				
32035	9	1	1	0	1101,1101,0,1601,1601				
32479	12	1	1	0	1101,1101,1101,1101,1101				
33146	12	1	1	0	0,0,0,0,1805				
33591	12	1	1	0	0,0,0,0,1805				
34300	10	1	1	0	0,0,0,0,0				1901_10_1_30,1901_11_2_30
35146	11	1	1	0	0,1101,0,0,0				
35591	11	1	1	0	1101,0,1201,0,0				
36035	10	1	1	0	1201,0,1101,0,1201				
36924	12	1	1	0	0,0,0,1101,0				
37368	12	1	1	0	0,0,1201,0,1101				
37813	10	1	1	0	0,0,0,1101,0				
38257	10	1	1	0	0,0,1101,0,0				
38702	2	1	1	0	0,1101,0,0,0				
38702	8	1	1	0	1101,0,0,0,0				
38702	10	1	1	0	0,0,1101,0,0				
38702	3	1	1	0	0,0,0,1101,0				
38702	9	1	1	0	0,0,0,0,1101			star	