Test									
StartTime	HairColor	AIHairColor	ShockEffect	SoundEffect	Line	Stair	movable	progress	door
1184	9	1	1	0	0,0,1101,0,0				
2193	9	1	1	0	1101,0,0,0,0				
2949	9	1	1	0	0,0,1101,0,0				
4210	4	1	1	0	0,1202,0,1101,0				
4714	2	1	1	0	0,0,1101,0,0				
5218	9	1	1	0	0,1101,0,0,0				
5722	2	1	1	0	0,0,1101,0,0				
6226	4	1	1	0	0,0,0,1101,0				
6731	2	1	1	0	0,0,1101,0,0				
7487	6	1	1	0	0,1101,0,1202,0				
7991	6	1	1	0	1101,0,0,0,0				
8495	6	1	1	0	0,1101,0,0,0				
9200	1	1	1	0	0,0,0,0,0		0,0,1701,1701,0		
9252	4	1	1	0	0,0,0,1101,0				
9400	1	1	1	0	0,0,0,0,0		0,0,1701,1701,0		
9600	1	1	1	0	0,0,0,0,0		0,0,1701,1701,0		
9756	4	1	1	0	0,0,0,1101,0				
9800	1	1	1	0	0,0,0,0,0		0,0,1701,1701,0		
11300	12	1	1	0	0,0,0,0,0			star	1904_1_1,0
12277	4	1	1	0	0,1101,0,1202,0				
12781	9	1	1	0	0,1202,0,1101,0				
13285	6	1	1	0	0,0,1101,0,0				
13789	9	1	1	0	0,0,1202,0,1101				
14294	6	1	1	0	0,0,1101,0,0				
14798	4	1	1	0	1101,0,1202,0,0				
15554	4	1	1	0	0,1101,0,0,0				
16058	6	1	1	0	0,0,1101,0,0				
16562	9	1	1	0	0,0,0,0,1101				
17319	10	1	1	0	1601,1601,1101,1601,1601				
17519	10	1	1	0	1601,1601,0,1601,1601				
17719	10	1	1	0	1601,1601,0,1601,1601				
17823	10	1	1	0	1601,1601,1101,1601,1601				
19336	10	1	1	0	0,0,1301,0,0				
20344	6	1	1	0	0,1101,0,1206,0				
21352	8	1	1	0	0,0,0,1101,0				
21857	4	1	1	0	0,0,1101,0,0				
22361	6	1	1	0	0,1101,0,1205,0				
22865	4	1	1	0	0,0,1101,0,0			star	
23369	8	1	1	0	0,0,1302,0,0				
24378	3	1	1	0	0,0,1401,0,0				
24882	3	1	1	0	1101,1101,1101,0,1201				
25386	4	1	1	0	1201,0,1101,1101,1101				
25890	2	1	1	0	1101,1101,1101,0,1201				
26394	6	1	1	0	0,1101,1101,1101,0				
27400	3	1	1	0	0,0,0,0,0				1901_10_3_2,1901_11_4_2
28411	12	1	1	0	0,0,1101,0,0				
28915	8	1	1	0	0,1101,0,0,0				
29420	8	1	1	0	1101,0,1202,0,0				
29924	8	1	1	0	0,1101,0,0,0				
30428	8	1	1	0	0,0,1101,0,0				
30932	8	1	1	0	0,1202,0,1101,0				
31436	8	1	1	0	0,0,1101,0,0				
31941	8	1	1	0	0,0,0,1101,0				
32445	3	1	1	0	0,0,1101,0,0				
32949	3	1	1	0	0,1101,0,1202,0				
33453	3	1	1	0	1101,0,0,0,0				
33957	3	1	1	0	0,1101,0,0,0				
34462	3	1	1	0	0,0,1101,0,0				
34966	3	1	1	0	0,0,0,1101,0				
35470	2	1	1	0	0,1101,0,0,0				
35470	8	1	1	0	1101,0,0,0,0				
35470	10	1	1	0	0,0,1101,0,0				
35470	3	1	1	0	0,0,0,1101,0				
35470	9	1	1	0	0,0,0,0,1101			star	