Test								
StartTime	HairColor	AIHairColor	ShockEffect	SoundEffect	Line	Stair	progress	door
671	4	1	1	0	0,0,1101,0,0			
1287	9	1	1	0	1101,0,0,1202,0			
1903	4	1	1	0	0,0,1101,0,0			
2520	9	1	1	0	1101,0,0,1202,0			
3342	4	1	1	0	0,0,1101,0,0			
3958	2	1	1	0	0,1202,0,0,1101			
4575	4	1	1	0	0,0,1101,0,0			
5191	2	1	1	0	0,1202,0,0,1101			
5808	12	1	1	0	0,0,0,0,0			
6408	12	1	1	0	0,0,1210,0,0			
6600	1	1	1	0	1601,0,0,0,1601			
6630	3	1	1	0	0,1101,0,1201,0			
6800	1	1	1	0	1601,0,0,0,1601			
7000	1	1	1	0	1601,0,0,0,1601			
7200	1	1	1	0	1601,0,0,0,1601			
7400	1	1	1	0	1601,0,0,0,1601			
7451	8	1	1	0	0,1201,0,1101,0			
7600	1	1	1	0	1601,0,0,0,1601			
7800	1	1	1	0	1601,0,0,0,1601			
8000	1	1	1	0	1601,0,0,0,1601			
8200	1	1	1	0	1601,0,0,0,1601			
8273	3	1	1	0	0,1101,0,1201,0			
8400	1	1	1	0	1601,0,0,0,1601			
8600	1	1	1	0	1601,0,0,0,1601			
8800	1	1	1	0	1601,0,0,0,1601			
9000	1	1	1	0	1601,0,0,0,1601			
9095	8	1	1	0	0,1201,0,1101,0			
9917	8	1	1	0	0,1101,0,0,0			
10739	8	1	1	0	0,1101,0,0,0			
9917	9	1	1	0	0,0,1201,1101,0			
10739	9	1	1	0	0,0,1201,1101,0			
11400	8	1	1	0	0,0,0,0,0		star	1901_8_1_30,1901_9_2_30
12383	11	1	1	0	0,0,1101,0,0			
13205	8	1	1	0	1101,0,0,1202,0			
14027	3	1	1	0	0,0,1101,0,0			
14849	6	1	1	0	0,1202,0,0,1101			
15671	3	1	1	0	0,0,1101,0,0			
16493	8	1	1	0	1101,0,0,1202,0			
17314	10	1	1	0	1601,1601,1101,1601,1601			
17514	10	1	1	0	1601,1601,0,1601,1601			
17714	10	1	1	0	1601,1601,0,1601,1601			
17914	10	1	1	0	1601,1601,0,1601,1601			
18114	10	1	1	0	1601,1601,0,1601,1601			
18136	11	1	1	0	1601,1601,1101,1601,1601			
18336	10	1	1	0	1601,1601,0,1601,1601			
18536	10	1	1	0	1601,1601,0,1601,1601			
18547	10	1	1	0	1601,1601,1101,1601,1601			
18747	10	1	1	0	1601,1601,0,1601,1601			
18947	10	1	1	0	1601,1601,0,1601,1601			
18958	11	1	1	0	1601,1601,1101,1601,1601			
19369	11	1	1	0	0,0,1301,0,0			
19780	3	1	1	0	0,0,1101,0,0			
20191	3	1	1	0	0,0,1101,0,0			
20602	3	1	1	0	0,0,1101,0,0			
21013	3	1	1	0	0,1101,0,0,0			
21218	3	1	1	0	0,0,0,1205,0			
21424	3	1	1	0	0,1101,0,0,0			
22657	6	1	1	0	0,0,1101,0,0		star	
23068	6	1	1	0	0,0,1101,0,0			
23479	6	1	1	0	0,0,0,1101,0			
23684	3	1	1	0	0,1204,0,0,0			
23890	6	1	1	0	0,0,0,1101,0			
24301	4	1	1	0	0,0,1101,0,0			
24712	4	1	1	0	0,0,1101,0,0			
25123	4	1	1	0	0,0,1101,0,0			
25534	4	1	1	0	0,0,1302,0,0			
25945	3	1	1	0	0,0,1101,0,0			
26356	3	1	1	0	1201,1101,0,0,1201			
26766	3	1	1	0	0,0,1101,0,0			
27177	3	1	1	0	1201,0,0,1101,1201			
27588	3	1	1	0	0,0,1101,0,0			
27999	3	1	1	0	1201,1101,0,0,1201			
29232	10	1	1	0	0,0,1401,0,0			
29600	1	1	1	0	1601,1601,0,1601,1601			
29643	10	1	1	0	1101,1101,1101,0,0			
29800	1	1	1	0	1601,1601,0,1601,1601			
30000	1	1	1	0	1601,1601,0,1601,1601			
30054	10	1	1	0	0,0,1101,1101,1101			
30200	1	1	1	0	1601,1601,0,1601,1601			
30400	1	1	1	0	1601,1601,0,1601,1601			
30465	10	1	1	0	1101,1101,1101,0,0			
30876	12	1	1	0	0,1101,0,0,0			
31287	12	1	1	0	0,0,1101,0,0			
31698	12	1	1	0	0,0,0,1101,0			
32109	12	1	1	0	0,0,1101,0,0			
32520	12	1	1	0	0,1101,0,0,0			
32931	2	1	1	0	0,1101,0,0,0			
32931	8	1	1	0	1101,0,0,0,0			
32931	12	1	1	0	0,0,1101,0,0			
32931	4	1	1	0	0,0,0,1101,0			
32931	9	1	1	0	0,0,0,0,1101		star	