Test									
StartTime	HairColor	AIHairColor	ShockEffect	SoundEffect	Line	Stair	movable	progress	door
1047	2	1	1	0	0,0,1101,0,0				
1531	2	1	1	0	0,1101,0,0,0				
2257	3	1	1	0	0,0,0,0,1101				
2983	3	1	1	0	0,0,1101,0,0				
3467	3	1	1	0	0,0,0,1101,0				
4200	6	1	1	0	0,0,0,0,0				1901_5_3_10,1901_10_1_50
5886	6	1	1	0	1601,0,1101,0,1601				
6086	6	1	1	0	1601,0,0,0,1601				
6286	10	1	1	0	1601,0,0,0,1601				
6370	10	1	1	0	1601,0,0,1101,1601				
6570	10	1	1	0	1601,0,0,0,1601				
6770	10	1	1	0	1601,0,0,0,1601				
6854	10	1	1	0	1601,0,1101,0,1601				
7054	10	1	1	0	1601,0,0,0,1601				
7254	10	1	1	0	1601,0,0,0,1601				
7338	10	1	1	0	1601,1101,0,0,1601				
7821	10	1	1	0	0,0,1101,0,0				
8789	10	1	1	0	1101,0,1202,0,0				
9273	1	1	1	0	0,1101,0,0,0				
9999	1	1	1	0	0,0,0,1101,0				
10725	1	1	1	0	0,1101,0,1202,0			star	
11209	9	1	1	0	0,0,1101,0,0				
12000	9	1	1	0	0,0,0,0,0				1908_1_1,0
12600	1	1	1	0	0,1601,1601,1601,0				
12800	1	1	1	0	0,1601,1601,1601,0				
13000	1	1	1	0	0,1601,1601,1601,0				
13200	1	1	1	0	0,1601,1601,1601,0				
13628	9	1	1	0	0,0,1401,0,0				
14112	8	1	1	0	1101,1101,0,1101,1101				
14596	8	1	1	0	1101,1101,0,1101,1101				
15080	8	1	1	0	1101,1101,0,1101,1101				
15563	6	1	1	0	0,0,1301,0,0				
16047	9	1	1	0	0,0,1101,0,0				
16047	9	1	1	0	0,1101,0,0,0				
16047	10	1	1	0	0,0,0,1101,0				
16531	10	1	1	0	0,0,1101,0,0				
16531	8	1	1	0	0,1101,0,0,0				
16531	2	1	1	0	0,0,0,1101,0				
17499	9	1	1	0	0,1101,0,0,0				
17983	8	1	1	0	0,0,1101,0,0				
18467	2	1	1	0	0,0,0,1101,0				
19434	9	1	1	0	0,1101,0,0,0				
19434	3	1	1	0	0,0,1101,0,0				
19434	3	1	1	0	0,0,0,1101,0				
19918	3	1	1	0	0,1101,0,0,0				
19918	2	1	1	0	0,0,1101,0,0				
19918	5	1	1	0	0,0,0,1101,0				
20402	4	1	1	0	0,1101,0,0,0				
20402	2	1	1	0	0,0,1101,0,0			star	
20402	5	1	1	0	0,0,0,1101,0				
21370	4	1	1	0	0,0,1101,0,0				
21854	2	1	1	0	0,0,0,1101,0				
22338	5	1	1	0	0,0,1101,0,0				
22821	4	1	1	0	0,1101,0,0,0				
23305	12	1	1	0	0,0,1302,0,0				
23789	12	1	1	0	0,0,1101,0,0				
24273	12	1	1	0	0,0,1101,0,0				
25241	12	1	1	0	1101,0,0,0,0				
26200	12	1	1	0	0,0,0,0,0				1901_2_2_30,1901_5_1_50
27176	6	1	1	0	1601,1601,1101,0,0				
27376	6	1	1	0	1601,1601,0,0,0				
27576	9	1	1	0	1601,1601,0,0,0				
27660	10	1	1	0	1601,1601,0,1101,0				
27860	10	1	1	0	1601,1601,0,0,0				
28000	9	1	1	0	1601,1601,0,0,0				
28144	10	1	1	0	1601,1601,0,0,1101				
29112	10	1	1	0	0,0,1101,0,0				
30079	9	1	1	0	0,1101,0,0,0				
30079	3	1	1	0	0,0,0,1101,0				
30079	10	1	1	0	0,0,1101,0,0			star	