Test												
StartTime	HairColor	AIHairColor	ShockEffect	SoundEffect	Line	LineType	SkyLine	Stair	movable	progress	door	decorate
1680	2	1	1	0	0,0,1101,0,0							
2156	2	1	1	0	0,1101,0,0,0							
2632	2	1	1	0	0,0,1101,0,0							
3108	4	1	1	0	0,0,1202,0,0							
3584	4	1	1	0	0,0,0,1101,0							
4060	4	1	1	0	0,0,1101,0,0							
4537	4	1	1	0	0,1101,0,0,0							
5500	9	1	1	0	0,0,0,0,0						1904_1_1,0	
6918	6	1	1	0	0,0,2101,0,0							
7156	6	1	1	0	0,0,0,0,0							
7394	6	1	1	0	0,0,0,0,0							
7989	3	1	1	0	0,0,0,0,0							
8822	3	1	1	0	0,0,1401,0,0							
9000	1	1	1	0	0,0,0,0,0	1	11011					
9400	3	1	1	0	1101,1101,0,1101,1101					star		
9400	2	1	1	0	0,1101,0,0,0	1						
9400	4	1	1	0	0,0,0,1101,0	1						
9660	3	1	1	0	0,1101,1101,1101,0							
9660	2	1	1	0	0,1101,0,0,0	1						
9660	4	1	1	0	0,0,0,1101,0	1						
9921	3	1	1	0	1101,1101,1101,1101,1101							
9921	2	1	1	0	0,1101,0,0,0	1						
9921	4	1	1	0	0,0,0,1101,0	1						
10182	3	1	1	0	0,1101,1101,1101,0							
10182	2	1	1	0	0,1101,0,0,0	1						
10182	4	1	1	0	0,0,0,1101,0	1						
10443	3	1	1	0	0,0,1101,0,0							
10443	2	1	1	0	0,1101,0,0,0	1						
10443	4	1	1	0	0,0,0,1101,0	1						
10800	1	1	1	0	0,0,0,0,0	1	11011					
10800	1	1	1	0	0,0,0,0,0	1	01110					
11486	10	1	1	0	0,0,1101,0,0							
11486	10	1	1	0	0,0,1101,0,0	1						
12008	10	1	1	0	0,0,1101,0,0							
12008	10	1	1	0	0,0,1101,0,0	1						
12800	1	1	1	0	0,0,0,0,0	1	01110					
12800	1	1	1	0	0,0,0,0,0	1	11100					
13052	2	1	1	0	0,0,1202,0,1101							
13052	8	1	1	0	1101,0,0,0,0	1						
13573	2	1	1	0	0,0,0,1101,0							
13573	8	1	1	0	0,1101,0,0,0	1						
14095	8	1	1	0	0,0,1101,0,0	1						
14400	1	1	1	0	0,0,0,0,0	1	11100					
14400	1	1	1	0	0,0,0,0,0	1	00111					
14995	1	1	1	0	0,0,1210,0,0							
15139	9	1	1	0	0,0,0,0,1101	1						
15660	1	1	1	0	0,0,0,0,0							2001,2002
15660	9	1	1	0	0,0,0,1101,0	1						
16000	1	1	1	0	0,0,1202,0,0							
16182	3	1	1	0	1101,0,0,0,0							
16182	4	1	1	0	0,0,0,0,1101							
16182	9	1	1	0	0,0,1101,0,0	1						
16500	1	1	1	0	0,0,1202,0,0							
16800	1	1	1	0	0,0,0,0,0	1	00111					
16800	1	1	1	0	0,0,0,0,0	1	00100					
17000	1	1	1	0	0,0,1202,0,0							
17226	3	1	1	0	1101,0,0,0,0							
17226	4	1	1	0	0,0,0,0,1101							
17226	10	1	1	0	0,0,1101,0,0	1						
17500	1	1	1	0	0,0,1202,0,0							
17747	4	1	1	0	1401,0,0,0,1402							
17747	10	1	1	0	0,0,1101,0,0	1						
18200	4	1	1	0	0,0,0,0,0					star	1901_4_1_66,1909_1_1	
18269	10	1	1	0	0,0,1101,0,0	1						
18400	1	1	1	0	0,0,0,0,0	1	00100					
19200	1	1	1	0	0,0,0,0,0				0,1701,1701,0,0			
19313	6	1	1	0	0,1101,1101,0,0							
19400	1	1	1	0	0,0,0,0,0				0,1701,1701,0,0			
19600	1	1	1	0	0,0,0,0,0				0,1701,1701,0,0			
19800	1	1	1	0	0,0,0,0,0				0,1701,1701,0,0			
19834	6	1	1	0	0,1101,1101,0,0							
20000	1	1	1	0	0,0,0,0,0				0,1701,1701,0,0			
20200	1	1	1	0	0,0,0,0,0				0,1701,1701,0,0			
20356	6	1	1	0	0,1101,1101,0,0							
20400	1	1	1	0	0,0,0,0,0				0,1701,1701,0,0			
21400	1	1	1	0	1601,1601,0,0,0							
21400	12	1	1	0	0,0,0,0,1101							
21600	1	1	1	0	1601,1601,0,0,0							
21800	1	1	1	0	1601,1601,0,0,0							
21921	12	1	1	0	0,0,0,1101,0							
22000	1	1	1	0	1601,1601,0,0,0							
22200	1	1	1	0	1601,1601,0,0,0							
22400	1	1	1	0	1601,1601,0,0,0							
22443	12	1	1	0	0,0,1101,0,0							
23400	1	1	1	0	0,0,0,1601,1601							
23486	5	1	1	0	1101,0,0,0,0							
23600	1	1	1	0	0,0,0,1601,1601							
23800	1	1	1	0	0,0,0,1601,1601							
24000	1	1	1	0	0,0,0,1601,1601							
24008	5	1	1	0	0,1101,0,0,0							
24200	1	1	1	0	0,0,0,1601,1601							
24400	1	1	1	0	0,0,0,1601,1601							
24530	5	1	1	0	0,0,1101,0,0							
25573	6	1	1	0	0,0,1101,0,0							
26095	10	1	1	0	0,1101,0,0,0							
26747	10	1	1	0	0,0,0,1101,0							
27139	7	1	1	0	0,0,0,0,1101							
27139	3	1	1	0	0,0,0,1101,0							
27139	11	1	1	0	0,0,1101,0,0							
27139	2	1	1	0	0,1101,0,0,0							
27139	1	1	1	0	1101,0,0,0,0					star		
