Test									
StartTime	HairColor	AIHairColor	ShockEffect	SoundEffect	Line	Stair	movable	progress	door
1700	9	1	1	0	0,0,1101,0,0				
2700	2	1	1	0	1101,0,0,0,0				
3700	9	1	1	0	0,0,1101,0,0				
4700	4	1	1	0	0,0,0,0,1101				
5700	4	1	1	0	0,0,1401,0,0				
6200	10	1	1	0	1601,1601,1101,1601,1601				
6400	10	1	1	0	1601,1601,0,1601,1601				
6450	10	1	1	0	1601,1101,1101,1101,1601				
6650	10	1	1	0	1601,0,0,0,1601				
6700	10	1	1	0	1101,1101,1101,1101,1101				
6900	10	1	1	0	1601,0,0,0,1601				
6950	10	1	1	0	1601,1101,1101,1101,1601				
7150	10	1	1	0	1601,1601,0,1601,1601				
7200	10	1	1	0	1601,1601,1101,1601,1601				
7700	11	1	1	0	1101,1101,1101,1101,1101				
8200	9	1	1	0	0,0,1301,0,0				
8700	9	1	1	0	0,0,1101,0,0				
9200	9	1	1	0	0,1101,0,0,0				
9700	9	1	1	0	1101,0,1206,0,0				
9700	8	1	1	0	0,0,0,0,1101				
10200	9	1	1	0	0,1101,0,0,0				
10200	8	1	1	0	0,0,0,1101,0				
10700	12	1	1	0	0,0,1101,0,0				
11200	12	1	1	0	0,0,0,1101,0			star	
11700	9	1	1	0	0,0,1302,0,0				
12200	4	1	1	0	0,0,1101,0,0				
12700	4	1	1	0	0,0,0,1101,0				
13200	4	1	1	0	0,0,1101,0,0				
13700	4	1	1	0	0,1101,0,0,0				
14200	4	1	1	0	1101,0,0,0,0				
14700	4	1	1	0	0,1101,0,0,0				
15200	4	1	1	0	0,0,0,0,0				1902_4_3_2,0
16200	2	1	1	0	0,0,1101,0,0				
16700	2	1	1	0	0,0,1201,0,1101				
17200	2	1	1	0	0,0,1101,0,0				
17700	2	1	1	0	0,0,1201,0,1101				
18200	2	1	1	0	0,0,0,1101,0				
18700	2	1	1	0	0,0,1101,0,0				
19200	2	1	1	0	0,1101,0,0,0				
20200	8	1	1	0	0,0,1101,0,0				
20700	8	1	1	0	0,1201,0,1101,0				
21200	8	1	1	0	0,1101,0,1201,0				
21700	8	1	1	0	0,1201,0,1101,0				
22200	8	1	1	0	0,0,1101,0,0			star	
22700	8	1	1	0	0,1101,0,0,0				
23200	8	1	1	0	0,0,1101,0,0				
24200	6	1	1	0	1601,0,1101,0,0				
24400	6	1	1	0	1601,0,0,0,0				
24600	6	1	1	0	1601,0,0,0,0				
24700	6	1	1	0	1601,1201,0,0,1101				
24900	6	1	1	0	1601,0,0,0,0				
25100	6	1	1	0	1601,0,0,0,0				
25200	6	1	1	0	1601,0,1101,0,1201				
25400	6	1	1	0	1601,0,0,0,0				
25600	6	1	1	0	1601,0,0,0,0				
25700	6	1	1	0	1601,0,0,1101,0				
25900	6	1	1	0	1601,0,0,0,0				
26100	6	1	1	0	1601,0,0,0,0				
26200	6	1	1	0	1601,1101,0,0,1201				
26400	6	1	1	0	1601,0,0,0,0				
26600	6	1	1	0	1601,0,0,0,0				
26700	6	1	1	0	1601,0,0,1101,0				
26900	6	1	1	0	1601,0,0,0,0				
27100	6	1	1	0	1601,0,0,0,0				
27200	6	1	1	0	1601,0,1101,0,1201				
28200	4	1	1	0	0,0,1101,0,0		1701,1701,1701,1701,0		
28400	6	1	1	0	0,0,0,0,0		1701,1701,1701,1701,0		
28600	6	1	1	0	0,0,0,0,0		1701,1701,1701,1701,0		
28700	4	1	1	0	1101,0,0,0,0				
28800	6	1	1	0	0,0,0,0,0		1701,1701,1701,1701,0		
29000	6	1	1	0	0,0,0,0,0		1701,1701,1701,1701,0		
29200	4	1	1	0	0,0,1101,0,0		1701,1701,1701,1701,0		
29400	6	1	1	0	0,0,0,0,0		1701,1701,1701,1701,0		
29600	6	1	1	0	0,0,0,0,0		1701,1701,1701,1701,0		
29800	6	1	1	0	0,0,0,0,0		1701,1701,1701,1701,0		
29700	4	1	1	0	0,1101,0,0,0				
30000	6	1	1	0	0,0,0,0,0		1701,1701,1701,1701,0		
30200	4	1	1	0	0,0,0,1101,0		1701,1701,1701,1701,0		
30400	6	1	1	0	0,0,0,0,0		1701,1701,1701,1701,0		
30600	6	1	1	0	0,0,0,0,0		1701,1701,1701,1701,0		
30700	4	1	1	0	0,0,1101,0,0				
30800	6	1	1	0	0,0,0,0,0		1701,1701,1701,1701,0		
31000	6	1	1	0	0,0,0,0,0		1701,1701,1701,1701,0		
31200	4	1	1	0	0,0,0,1101,0		1701,1701,1701,1701,0		
31400	6	1	1	0	0,0,0,0,0		1701,1701,1701,1701,0		
32200	2	1	1	0	0,1101,0,0,0				
32200	8	1	1	0	1101,0,0,0,0				
32200	12	1	1	0	0,0,1101,0,0				
32200	4	1	1	0	0,0,0,1101,0				
32200	9	1	1	0	0,0,0,0,1101			star	