Test												
StartTime	HairColor	AIHairColor	ShockEffect	SoundEffect	Line	LineType	SkyLine	Stair	movable	progress	door	decorate
640	2	1	1	0	0,1101,0,0,0							
1140	2	1	1	0	0,1101,0,0,0							
1515	5	1	1	0	0,0,0,1101,0							
2015	5	1	1	0	0,0,0,1101,0							
2600	1	1	1	0	0,0,0,0,0							
2640	4	1	1	0	0,0,1101,0,0							
2800	1	1	1	0	0,1201,0,1601,1601							
3000	1	1	1	0	0,0,0,1601,1601							
3140	4	1	1	0	0,0,1101,0,0							
3200	1	1	1	0	0,0,0,1601,1601							
3400	1	1	1	0	0,0,0,1601,1601							
3515	8	1	1	0	1101,0,0,0,0							
3600	1	1	1	0	0,0,0,1601,1601							
3800	1	1	1	0	0,1201,0,1601,1601							
4000	1	1	1	0	0,0,0,1601,1601							
4140	8	1	1	0	1101,0,0,0,0							
4600	1	1	1	0	0,0,0,0,0							
4640	3	1	1	0	0,0,1101,0,0							
4800	1	1	1	0	1601,1601,0,1201,0							
5000	1	1	1	0	1601,1601,0,0,0							
5015	3	1	1	0	0,0,1101,0,0							
5200	1	1	1	0	1601,1601,0,0,0							
5400	1	1	1	0	1601,1601,0,0,0							
5515	6	1	1	0	0,0,0,0,1101							
5600	1	1	1	0	1601,1601,0,0,0							
5800	1	1	1	0	1601,1601,0,1201,0							
6000	1	1	1	0	1601,1601,0,0,0							
6015	6	1	1	0	0,0,0,0,1101							
6640	11	1	1	0	0,0,2101,0,0							
7140	11	1	1	0	0,0,0,0,0							
7600	1	1	1	0	0,0,0,0,0							
7800	1	1	1	0	0,0,0,0,0							
7900	1	1	1	0	0,0,0,0,0							
8000	1	1	1	0	0,0,0,0,0							
8200	1	1	1	0	0,0,0,0,0							
8400	1	1	1	0	0,0,0,0,0	1	00100					
8600	1	1	1	0	0,0,0,0,0							
8600	1	1	1	0	0,0,0,0,0			0,1501,0,0,0				
8640	2	1	1	0	0,0,0,1101,0							
8640	11	1	1	0	0,0,1402,0,0	1						
8640	11	1	1	0	0,1101,0,0,0							
8800	1	1	1	0	0,0,0,0,0							
9000	1	1	1	0	0,0,0,0,0							
9000	1	1	1	0	0,0,0,0,0			0,1503,0,0,0				
9140	4	1	1	0	0,0,0,1101,0							
9140	11	1	1	0	0,0,1101,0,0	1						
9140	11	1	1	0	0,1101,0,0,0							
9200	1	1	1	0	0,0,0,0,0							
9400	1	1	1	0	0,0,0,0,0							
9515	6	1	1	0	0,0,0,1101,0							
9515	11	1	1	0	0,0,1101,0,0	1						
9515	11	1	1	0	0,1101,0,0,0							
9600	1	1	1	0	0,0,0,0,0							
9600	1	1	1	0	0,0,0,0,0			0,1505,0,0,0				
9800	1	1	1	0	0,0,0,0,0							
10000	1	1	1	0	0,0,0,0,0	1	00100					
10000	1	1	1	0	0,0,0,0,0	1	11100					
10015	8	1	1	0	0,0,0,1101,0							
10015	11	1	1	0	0,0,1101,0,0	1						
10015	11	1	1	0	0,1101,0,0,0							
10200	1	1	1	0	0,0,0,0,0							
10400	1	1	1	0	0,0,0,0,0							
10400	1	1	1	0	0,0,0,0,0	1	11100					
10400	1	1	1	0	0,0,0,0,0	1	10000					
10600	1	1	1	0	0,0,0,0,0							
10600	1	1	1	0	0,0,0,0,0			0,0,0,1501,0				
10640	10	1	1	0	0,0,0,1101,0							
10640	1	1	1	0	0,1101,0,0,0					star		
10640	10	1	1	0	1101,0,0,0,0	1						
11000	1	1	1	0	0,0,0,0,0			0,0,0,1503,0				
11140	10	1	1	0	0,0,0,1101,0							
11140	3	1	1	0	0,1101,0,0,0							
11140	10	1	1	0	1101,0,0,0,0	1						
11200	1	1	1	0	0,0,0,0,0							
11400	1	1	1	0	0,0,0,0,0							
11515	10	1	1	0	0,0,0,1101,0							
11515	5	1	1	0	0,1101,0,0,0							
11515	10	1	1	0	1101,0,0,0,0	1						
11600	1	1	1	0	0,0,0,0,0							
11600	1	1	1	0	0,0,0,0,0			0,0,0,1505,0				
11800	1	1	1	0	0,0,0,0,0							
12000	1	1	1	0	0,0,0,0,0	1	10000					
12000	1	1	1	0	0,0,0,0,0	1	11111					
12015	10	1	1	0	0,0,0,1101,0							
12015	9	1	1	0	0,1101,0,0,0							
12015	10	1	1	0	1101,0,0,0,0	1						
12200	1	1	1	0	0,0,0,0,0							
12400	1	1	1	0	0,0,0,0,0	1	11111					
12400	1	1	1	0	0,0,0,0,0	1	00001					
12640	1	1	1	0	0,0,1401,0,0							
12640	2	1	1	0	0,0,0,0,1101	1						
13140	2	1	1	0	1101,1101,0,0,0							
13140	8	1	1	0	0,0,0,0,1101	1						
13640	5	1	1	0	0,0,0,1101,1101							
13640	4	1	1	0	0,0,0,0,1101	1						
14140	4	1	1	0	1101,1101,0,0,0							
14140	9	1	1	0	0,0,0,0,1101	1						
14640	9	1	1	0	0,0,0,1101,1101							
14640	3	1	1	0	0,0,0,0,1101	1						
14800	1	1	1	0	0,0,0,0,0	1	00001					
14800	1	1	1	0	0,0,0,0,0	1	00111					
15140	11	1	1	0	1101,1101,1101,1101,1101							
15200	1	1	1	0	0,0,0,0,0	1	00111					
15200	1	1	1	0	0,0,0,0,0	1	00100					
15640	6	1	1	0	0,0,1101,0,0	1						
15640	10	1	1	0	1101,1101,1101,1101,1101							
16015	1	1	1	0	0,0,0,0,1805							
16015	5	1	1	0	0,0,1101,0,0	1						
16390	7	1	1	0	0,0,1101,0,0	1						
16600	1	1	1	0	0,0,0,0,0						1902_11_1_101,0	
16640	10	1	1	0	0,0,1101,0,0	1						
16800	1	1	1	0	0,0,0,0,0	1	00100					
17640	2	1	1	0	0,1101,0,0,0							
17640	4	1	1	0	1101,0,0,0,1803							
18140	4	1	1	0	0,1101,0,0,0							
18140	2	1	1	0	1101,0,0,0,0							
18640	5	1	1	0	0,0,0,1101,0							
18640	8	1	1	0	0,0,1803,0,1101							
19140	5	1	1	0	0,0,0,0,1101							
19140	8	1	1	0	0,0,0,1101,0							
20265	11	1	1	0	0,0,1101,0,0							
21140	3	1	1	0	0,0,0,0,1101							
21140	4	1	1	0	0,0,1101,0,0					star		
21140	2	1	1	0	1101,0,0,0,0							
21640	6	1	1	0	0,0,0,0,1101							
21640	8	1	1	0	0,0,1101,0,0							
21640	5	1	1	0	1101,0,0,0,0							
22140	10	1	1	0	0,0,0,1101,0							
22140	11	1	1	0	0,1101,0,0,0							
22640	11	1	1	0	0,0,0,1101,0							
22640	10	1	1	0	0,1101,0,0,0							
23140	10	1	1	0	0,0,0,1101,0							
23140	11	1	1	0	0,1101,0,0,0							
23515	1	1	1	0	0,0,0,0,1805							2003,2002
23890	1	1	1	0	0,0,0,0,1805							
24265	1	1	1	0	0,0,0,0,1805							
24640	1	1	1	0	0,0,0,1101,0							
25140	2	1	1	0	0,0,1101,0,0							
25640	3	1	1	0	0,1101,0,1202,0							
26140	4	1	1	0	1101,0,0,0,0							
26640	5	1	1	0	0,1101,0,1202,0							
27140	6	1	1	0	0,0,1101,0,0							
27640	8	1	1	0	0,1202,0,1101,0							
28140	9	1	1	0	0,0,1101,0,0							
28640	11	1	1	0	0,1101,0,0,0							
29600	1	1	1	0	0,0,0,0,0				0,1701,1701,1701,0			
29640	11	1	1	0	0,0,1101,0,0							
29800	1	1	1	0	0,0,0,0,0				0,1701,1701,1701,0			
30000	1	1	1	0	0,0,0,0,0				0,1701,1701,1701,0			
30140	11	1	1	0	0,0,1101,0,0							
30200	1	1	1	0	0,0,0,0,0				0,1701,1701,1701,0			
30400	1	1	1	0	0,0,0,0,0				0,1701,1701,1701,0			
30600	1	1	1	0	0,0,0,0,0				0,1701,1701,1701,0			
30640	11	1	1	0	0,0,1101,0,0							
30800	1	1	1	0	0,0,0,0,0				0,1701,1701,1701,0			
31640	8	1	1	0	0,0,0,0,1101					star		
31640	5	1	1	0	0,0,0,1101,0							
31640	11	1	1	0	0,0,1101,0,0							
31640	9	1	1	0	0,1101,0,0,0							
31640	2	1	1	0	1101,0,0,0,0							
