Test							
StartTime	HairColor	AIHairColor	ShockEffect	SoundEffect	Line	Stair	progress
1580	8	1	1	0	0,0,1101,0,0		
2080	8	1	1	0	0,0,1101,0,0		
3080	4	1	1	0	0,1101,0,0,0		
3580	4	1	1	0	1101,0,0,0,0		
4080	4	1	1	0	0,1101,0,0,0		
5080	9	1	1	0	1601,1601,1101,1601,1601		
5280	9	1	1	0	1601,1601,0,1601,1601		
5480	9	1	1	0	1601,1601,0,1601,1601		
5580	9	1	1	0	1601,1601,1101,1601,1601		
6080	2	1	1	0	0,1202,0,1101,0		
6580	2	1	1	0	0,1202,0,0,1101		
7080	2	1	1	0	0,1202,0,1101,0		
7580	2	1	1	0	1201,0,1101,0,1201		
8080	2	1	1	0	0,1101,0,0,1201		
8580	2	1	1	0	0,0,1101,0,1201		
9080	2	1	1	0	0,1101,0,1202,0		
9580	2	1	1	0	1101,0,0,1202,0		
10080	2	1	1	0	0,1101,0,1202,0		
10580	2	1	1	0	0,0,1101,0,1201		
11080	2	1	1	0	0,1101,0,0,1201		
11580	2	1	1	0	0,0,1101,0,1201		
12080	2	1	1	0	1201,0,0,1101,0		star
12580	2	1	1	0	1201,0,1101,0,0		
13080	2	1	1	0	1201,0,0,1101,0		
13580	2	1	1	0	0,1202,0,0,1101		
14080	4	1	1	0	0,1202,0,1101,0		
14580	4	1	1	0	0,1202,0,0,1101		
15080	4	1	1	0	0,0,0,1101,0		
15580	4	1	1	0	0,0,1101,0,0		
16080	4	1	1	0	0,1101,0,1201,1201		
16580	4	1	1	0	0,0,1101,0,0		
17080	4	1	1	0	1201,1201,0,1101,0		
17580	6	1	1	0	0,0,1101,0,0		
18080	6	1	1	0	0,1101,0,0,1201		
18580	6	1	1	0	0,0,1101,0,1201		
19080	6	1	1	0	0,1101,0,0,1201		
19580	6	1	1	0	1201,0,1101,0,0		
20080	6	1	1	0	1201,0,0,1101,0		
20580	6	1	1	0	1201,0,1101,0,0		
21330	6	1	1	0	0,0,1203,0,0		
22080	8	1	1	0	0,0,1301,0,0		
22580	8	1	1	0	0,0,1101,0,0		
23080	8	1	1	0	0,0,1101,0,0		
23580	8	1	1	0	0,1101,0,0,0		
24080	8	1	1	0	0,0,1101,0,0		star
24580	8	1	1	0	0,0,0,1101,0		
25080	8	1	1	0	0,0,1101,0,0		
25580	8	1	1	0	0,1101,0,0,0		
26080	8	1	1	0	0,0,1302,0,0		
26580	9	1	1	0	0,0,1101,0,1201		
27080	9	1	1	0	0,0,1101,0,1201		
27580	9	1	1	0	0,1101,0,1202,0		
28080	9	1	1	0	1101,0,0,1202,0		
28580	9	1	1	0	0,1101,0,1202,0		
29080	9	1	1	0	1201,0,1101,0,0		
29580	9	1	1	0	1201,0,0,1101,0		
30080	4	1	1	0	1201,0,1101,0,0		
30580	4	1	1	0	0,1202,0,1101,0		
31080	4	1	1	0	0,1202,0,0,1101		
31580	4	1	1	0	0,1202,0,1101,0		
32080	4	1	1	0	1201,0,1101,0,0		
32580	4	1	1	0	1201,0,0,1101,0		
33080	4	1	1	0	1201,0,1101,0,0		
33580	4	1	1	0	0,1101,0,0,0		
34080	4	1	1	0	0,0,1401,0,0		
34580	2	1	1	0	1101,1101,1101,0,0		
35080	4	1	1	0	0,1101,1101,1101,0		
35580	9	1	1	0	0,0,1101,1101,1101		
36080	10	1	1	0	1101,1101,1101,1101,1101		
37080	10	1	1	0	0,0,1101,0,0		
37580	10	1	1	0	0,0,1101,0,0		
38080	10	1	1	0	0,0,1101,0,0		star