Test												
StartTime	HairColor	AIHairColor	ShockEffect	SoundEffect	Line	LineType	SkyLine	Stair	movable	progress	door	decorate
989	1	1	1	0	0,0,0,0,0						1901_3_1_50,1907_1_1	
2705	1	1	1	0	0,0,0,0,0						1903_1_1,1901_6_1_100	
4400	1	1	1	0	0,0,0,0,0				0,1701,1701,1701,0			
4421	1	1	1	0	0,0,1101,0,0							
4600	1	1	1	0	0,0,0,0,0				0,1701,1701,1701,0			
4800	1	1	1	0	0,0,0,0,0				0,1701,1701,1701,0			
4849	2	1	1	0	0,1101,0,0,0							
5000	1	1	1	0	0,0,0,0,0				0,1701,1701,1701,0			
5200	1	1	1	0	0,0,0,0,0				0,1701,1701,1701,0			
5278	3	1	1	0	0,0,1101,0,0							
5400	1	1	1	0	0,0,0,0,0				0,1701,1701,1701,0			
5600	1	1	1	0	0,0,0,0,0				0,1701,1701,1701,0			
5707	4	1	1	0	0,0,0,1101,0							
5800	1	1	1	0	0,0,0,0,0				0,1701,1701,1701,0			
6000	1	1	1	0	0,0,0,0,0				0,1701,1701,1701,0			
6136	5	1	1	0	0,0,1101,0,0							
6200	1	1	1	0	0,0,0,0,0				0,1701,1701,1701,0			
6400	1	1	1	0	0,0,0,0,0				0,1701,1701,1701,0			
6565	6	1	1	0	0,0,1101,0,0							
6600	1	1	1	0	0,0,0,0,0				0,1701,1701,1701,0			
7800	1	1	1	0	0,0,0,0,1803							
7852	3	1	1	0	0,1101,0,0,0							
8200	1	1	1	0	0,0,0,0,1803							
8600	1	1	1	0	0,0,0,0,1803							
8709	3	1	1	0	0,1101,0,0,0					star		
9400	1	1	1	0	1601,1601,0,0,0							
9567	2	1	1	0	0,0,0,1101,0							
9600	1	1	1	0	1601,1601,0,0,0							
9800	1	1	1	0	1601,1601,0,0,0							
10000	1	1	1	0	1601,1601,0,0,0							
10200	1	1	1	0	1601,1601,0,0,0							
10400	1	1	1	0	1601,1601,0,0,0							
10425	2	1	1	0	0,0,0,1101,0							
12183	1	1	1	0	0,0,1210,0,0							
12569	1	1	1	0	0,0,2101,0,0							2001,2002
12998	6	1	1	0	0,0,0,0,0							
13800	1	1	1	0	0,0,1601,0,0							
13856	3	1	1	0	1101,0,0,0,0							
13856	5	1	1	0	0,0,0,0,1101							
14000	1	1	1	0	0,0,1601,0,0							
14070	3	1	1	0	1101,0,0,0,0							
14070	5	1	1	0	0,0,0,0,1101							
14200	1	1	1	0	0,0,1601,0,0							
14285	3	1	1	0	1101,0,0,0,0							
14285	5	1	1	0	0,0,0,0,1101							
14400	1	1	1	0	0,0,0,0,0	1	00100					
14400	1	1	1	0	0,0,1601,0,0							
14600	1	1	1	0	0,0,1601,0,0							
14714	10	1	1	0	0,1101,0,0,0							
14714	11	1	1	0	0,0,0,1101,0							
14714	10	1	1	0	0,0,1101,0,0	1						
14800	1	1	1	0	0,0,1601,0,0							
15000	1	1	1	0	0,0,1601,0,0							
15200	1	1	1	0	0,0,1601,0,0							
15400	1	1	1	0	0,0,1601,0,0							
15571	10	1	1	0	1101,0,0,0,0							
15571	11	1	1	0	0,0,0,0,1101							
15571	10	1	1	0	0,0,1101,0,0	1						
15600	1	1	1	0	0,0,1601,0,0							
15800	1	1	1	0	0,0,0,0,0							
16000	1	1	1	0	0,0,0,0,0							
16200	1	1	1	0	0,0,0,0,0							
16400	1	1	1	0	0,0,1601,0,0							
16400	1	1	1	0	0,0,0,0,0	1	00100					
16400	1	1	1	0	0,0,0,0,0	1	11100					
16429	7	1	1	0	0,1101,0,1201,1201							
16429	12	1	1	0	0,1101,0,0,0	1						
16600	1	1	1	0	0,0,1601,0,0							
16800	1	1	1	0	0,0,1601,0,0							
16858	7	1	1	0	1101,0,0,1201,1201							
16858	12	1	1	0	0,1101,0,0,0	1						
17000	1	1	1	0	0,0,1601,0,0							
17200	1	1	1	0	0,0,1601,0,0							
17287	7	1	1	0	0,1101,0,1201,1201							
17287	1	1	1	0	0,0,0,0,0	1					1905_1_1,0	
17400	1	1	1	0	0,0,1601,0,0							
17600	1	1	1	0	0,0,0,0,0	1	11100					
17600	1	1	1	0	0,0,0,0,0	1	00100					
18145	1	1	1	0	0,0,1101,0,0					star		
18145	11	1	1	0	0,0,1101,0,0	1						
19002	12	1	1	0	0,0,1402,0,0							
19002	11	1	1	0	0,0,1101,0,0	1						
19600	1	1	1	0	0,0,0,0,0	1	00100					
19600	1	1	1	0	0,0,0,0,0	1	00111					
19800	1	1	1	0	0,0,1601,0,0							
19860	5	1	1	0	1201,1201,0,1101,0							
19860	10	1	1	0	0,0,0,1101,0	1						
20000	1	1	1	0	0,0,1601,0,0							
20200	1	1	1	0	0,0,1601,0,0							
20289	5	1	1	0	1201,1201,1601,0,1101							
20289	10	1	1	0	0,0,0,1101,0	1						
20400	1	1	1	0	0,0,1601,0,0							
20600	1	1	1	0	0,0,1601,0,0							
20718	5	1	1	0	1201,1201,0,1101,0							
20718	1	1	1	0	0,0,0,0,0	1					0,1901_10_3_2	
20800	1	1	1	0	0,0,1601,0,0							
21200	1	1	1	0	0,0,0,0,0	1	00111					
21576	1	1	1	0	0,0,1101,0,0							
22400	1	1	1	0	0,0,0,0,0			0,1501,1501,1501,0				
22433	5	1	1	0	0,0,1101,0,0							
22862	5	1	1	0	0,0,1101,0,0							
23291	2	1	1	0	0,0,0,1101,0							
23600	1	1	1	0	0,0,1802,0,0			0,1505,1505,1505,0				
23720	2	1	1	0	0,0,0,1101,0							
24149	3	1	1	0	0,1101,0,0,0							
24578	3	1	1	0	0,1101,0,0,0							
25007	1	1	1	0	0,0,1401,0,0							
25864	3	1	1	0	0,1101,1101,1101,0							
26293	3	1	1	0	0,1101,1101,1101,0							
26722	6	1	1	0	0,0,1101,1101,1101							
27151	6	1	1	0	1101,1101,1101,0,0							
27580	12	1	1	0	0,1101,1101,1101,0							
28009	12	1	1	0	1101,1101,1101,1101,1101					star		
