Test									
StartTime	HairColor	AIHairColor	ShockEffect	SoundEffect	Line	Stair	movable	progress	door
1232	1	1	1	0	0,0,0,1101,0				
2184	1	1	1	0	0,1101,0,0,0				
3137	1	1	1	0	0,0,0,1101,0				
4089	1	1	1	0	0,0,1301,0,0				
4565	1	1	1	0	0,0,1101,0,0				
5041	1	1	1	0	0,0,1101,0,0				
5518	6	1	1	0	0,1101,0,1206,0				
5994	6	1	1	0	0,1101,0,0,0				
6470	8	1	1	0	1101,0,1206,0,0				
6946	8	1	1	0	0,1101,0,0,0				
7422	8	1	1	0	0,0,1302,0,0				
7899	5	1	1	0	0,0,1101,0,0				
8851	2	1	1	0	1101,0,0,1202,0				
9327	2	1	1	0	0,1101,0,1202,0				
9803	2	1	1	0	1101,0,0,1202,0				
10800	9	1	1	0	0,0,0,0,0				1901_9_1_40,1901_4_4_2
11708	4	1	1	0	0,0,1202,0,1101			star	
11708	9	1	1	0	1101,0,0,0,0				
12600	1	1	1	0	0,0,0,0,0		0,1701,1701,0,0		
12660	6	1	1	0	0,0,1101,0,0				
12800	1	1	1	0	0,0,0,0,0		0,1701,1701,0,0		
13000	1	1	1	0	0,0,0,0,0		0,1701,1701,0,0		
13137	6	1	1	0	0,1101,0,0,0				
13200	1	1	1	0	0,0,0,0,0		0,1701,1701,0,0		
13400	1	1	1	0	0,0,0,0,0		0,1701,1701,0,0		
13600	1	1	1	0	0,0,0,0,0		0,1701,1701,0,0		
13613	6	1	1	0	0,0,1101,0,0				
13800	1	1	1	0	0,0,0,0,0		0,1701,1701,0,0		
14565	1	1	1	0	0,1202,0,1101,0				
15041	1	1	1	0	0,1202,0,0,1101				
15518	1	1	1	0	0,0,0,0,0				
16418	1	1	1	0	0,0,1210,0,0				
16946	4	1	1	0	0,0,1101,0,1201				
17422	4	1	1	0	0,1101,0,0,1201				
18375	3	1	1	0	1101,0,0,1803,0				
18375	6	1	1	0	0,0,0,0,1101				
19300	8	1	1	0	0,0,0,0,0				1901_3_1_30,1901_6_2_30
20279	6	1	1	0	1201,0,0,1101,0				
20756	6	1	1	0	1201,0,1101,0,0				
21232	6	1	1	0	1201,0,0,1101,0				
22184	5	1	1	0	0,1101,0,0,1201				
22660	5	1	1	0	0,0,1101,0,1201				
23137	5	1	1	0	0,1101,0,0,1201				
24089	12	1	1	0	0,1202,0,1101,0			star	
24565	12	1	1	0	0,1202,0,0,1101				
25041	12	1	1	0	0,1202,0,1101,0				
25994	11	1	1	0	1201,0,1101,0,1201				
26946	10	1	1	0	1101,0,1202,0,0				
27899	11	1	1	0	1201,0,1101,0,0				
28375	11	1	1	0	0,1201,0,1101,0				
28851	11	1	1	0	0,0,1201,0,1101				
29803	10	1	1	0	0,0,1101,0,1201				
30279	10	1	1	0	0,1101,0,1201,0				
30756	10	1	1	0	0,0,1401,0,0				
31708	1	1	1	0	1201,0,1101,0,1201				
32184	1	1	1	0	1201,0,0,0,1201				
32660	6	1	1	0	1201,1101,1101,1101,1201				
33137	6	1	1	0	1201,0,0,0,1201				
33613	10	1	1	0	1101,1101,1101,1101,1101				
34565	10	1	1	0	0,0,1101,0,0				
35041	10	1	1	0	0,1201,0,1101,0				
35518	10	1	1	0	0,0,1101,0,0				
35994	10	1	1	0	0,1101,0,1201,0				
36470	10	1	1	0	0,0,1101,0,0				
36946	10	1	1	0	0,1201,0,1101,0				
37422	2	1	1	0	0,1101,0,0,0				
37422	8	1	1	0	1101,0,0,0,0				
37422	10	1	1	0	0,0,1101,0,0				
37422	4	1	1	0	0,0,0,1101,0				
37422	9	1	1	0	0,0,0,0,1101			star	