Test									
StartTime	HairColor	AIHairColor	ShockEffect	SoundEffect	Line	Stair	movable	progress	door
1970	9	1	1	0	1201,0,1101,0,1201				
2676	9	1	1	0	0,1201,0,1101,0				
3382	9	1	1	0	1201,0,1101,0,1201				
4088	9	1	1	0	0,1101,0,1201,0				
4794	9	1	1	0	1201,0,1101,0,1201				
5500	9	1	1	0	0,1202,0,1101,0				
6029	9	1	1	0	0,1202,0,1101,0				
6911	5	1	1	0	0,0,1401,0,1201				
7617	5	1	1	0	0,1101,0,1201,0				
8323	5	1	1	0	1101,0,1202,0,0				
8852	5	1	1	0	1101,0,1202,0,0				
9735	5	1	1	0	1201,0,1101,0,0				
10441	5	1	1	0	1201,0,0,1101,0				
11147	4	1	1	0	1201,0,1101,0,1201				
11852	4	1	1	0	0,0,1202,0,1101				
12558	8	1	1	0	1201,0,1101,0,1201				
13264	8	1	1	0	0,1101,0,1202,0			star	
13800	1	1	1	0	0,0,0,0,0		0,1701,1701,1701,0		
13970	9	1	1	0	0,0,1101,0,0				
14000	1	1	1	0	0,0,0,0,0		0,1701,1701,1701,0		
14200	1	1	1	0	0,0,0,0,0		0,1701,1701,1701,0		
14323	5	1	1	0	0,0,1101,0,0				
14400	1	1	1	0	0,0,0,0,0		0,1701,1701,1701,0		
14600	1	1	1	0	0,0,0,0,0		0,1701,1701,1701,0		
14676	4	1	1	0	0,0,1101,0,0				
14800	1	1	1	0	0,0,0,0,0		0,1701,1701,1701,0		
15000	1	1	1	0	0,0,0,0,0		0,1701,1701,1701,0		
15029	8	1	1	0	0,0,1101,0,0				
15200	1	1	1	0	0,0,0,0,0		0,1701,1701,1701,0		
15735	10	1	1	0	1601,0,1101,0,1601				
15935	8	1	1	0	1601,1601,0,1601,1601				
16088	10	1	1	0	1601,1601,1101,1601,1601				
16288	8	1	1	0	1601,1601,0,1601,1601				
16441	10	1	1	0	1601,1601,1101,1601,1601				
16641	8	1	1	0	1601,1601,0,1601,1601				
16794	10	1	1	0	0,0,1301,0,0				
17499	10	1	1	0	0,0,1101,0,0				
18205	10	1	1	0	1206,0,0,1101,0				
18911	10	1	1	0	0,1101,0,0,1206				
19617	10	1	1	0	1101,0,0,0,0				
20323	10	1	1	0	0,0,1101,0,0				
21029	10	1	1	0	0,0,1302,0,0				
21200	1	1	1	0	1601,0,0,0,1601				
21382	9	1	1	0	0,0,1101,0,0				
21400	1	1	1	0	1601,1601,0,1601,1601				
21600	1	1	1	0	1601,1601,0,1601,1601				
21735	5	1	1	0	0,0,1101,0,0				
21800	1	1	1	0	1601,1601,0,1601,1601				
22000	1	1	1	0	1601,1601,0,1601,1601				
22088	4	1	1	0	0,0,1101,0,0				
22200	1	1	1	0	1601,1601,0,1601,1601				
22400	1	1	1	0	1601,0,0,0,1601				
22441	8	1	1	0	0,0,1101,0,0				
23147	8	1	1	0	0,1202,0,1101,0				
23852	8	1	1	0	0,1202,0,0,1101				
24558	8	1	1	0	0,1202,0,1101,0				
25264	8	1	1	0	1201,0,1101,0,1201				
25970	8	1	1	0	0,0,0,1101,0				
26676	8	1	1	0	1201,0,1101,0,1201			star	
27400	8	1	1	0	0,0,0,0,0				1904_1_1,0
28088	8	1	1	0	0,0,1401,0,0				
28558	8	1	1	0	0,0,0,0,1805				
29029	8	1	1	0	0,0,0,0,1805				
29499	10	1	1	0	0,1101,1101,1101,0				
30205	12	1	1	0	1101,1101,1101,1101,1101				
30911	10	1	1	0	1101,1101,1101,1101,1101				
31617	8	1	1	0	0,0,0,0,1805				
32323	9	1	1	0	0,1202,0,1101,0				
33029	9	1	1	0	0,0,1101,0,0				
33735	9	1	1	0	0,1101,0,1202,0				
34441	9	1	1	0	0,0,1101,0,0				
35147	9	1	1	0	0,1101,0,1202,0				
35852	9	1	1	0	1101,0,0,0,0				
36911	5	1	1	0	0,1101,0,1202,0				
37264	5	1	1	0	0,1101,0,0,0				
37617	5	1	1	0	0,1101,0,1202,0				
38200	1	1	1	0	1601,1601,0,0,1601				
38323	4	1	1	0	0,0,0,1101,0				
38400	1	1	1	0	1601,1601,1601,0,1601				
38600	1	1	1	0	1601,1601,1601,0,1601				
38676	4	1	1	0	0,0,0,1101,0				
38800	1	1	1	0	1601,1601,1601,0,1601				
39000	1	1	1	0	1601,1601,0,0,1601				
39029	4	1	1	0	0,0,0,1101,0				
39382	5	1	1	0	0,0,0,1101,0				
39382	4	1	1	0	0,0,0,0,1101				
39382	10	1	1	0	0,0,1101,0,0				
39382	9	1	1	0	0,1101,0,0,0				
39382	8	1	1	0	1101,0,0,0,0			star	