Test								
StartTime	HairColor	AIHairColor	ShockEffect	SoundEffect	Line	Stair	progress	door
1343	2	1	1	0	0,0,1101,0,0			
2010	9	1	1	0	0,1202,0,0,1101			
2676	2	1	1	0	0,0,1101,0,0			
3343	9	1	1	0	0,1202,0,0,1101			
4010	4	1	1	0	0,0,1101,0,0			
4676	8	1	1	0	1101,0,0,1202,0			
5343	4	1	1	0	0,0,1101,0,0			
6010	8	1	1	0	1101,0,0,1202,0			
6676	10	1	1	0	0,0,1101,0,0			
7343	9	1	1	0	0,1101,0,0,0			
8010	8	1	1	0	0,0,0,1101,0			
8676	9	1	1	0	0,1101,0,0,0			
9343	8	1	1	0	0,0,0,1101,0		star	
10000	10	1	1	0	0,0,0,0,0			1901_11_3_5,1903_1_1
10676	10	1	1	0	1601,1601,1101,1601,1601			
10876	10	1	1	0	1601,1601,0,1601,1601			
11010	10	1	1	0	1601,1601,1101,1601,1601			
11210	10	1	1	0	1601,1601,0,1601,1601			
11343	10	1	1	0	1601,1601,1101,1601,1601			
11543	10	1	1	0	1601,1601,0,1601,1601			
11676	10	1	1	0	1601,1601,1101,1601,1601			
11876	10	1	1	0	1601,1601,0,1601,1601			
12010	10	1	1	0	0,0,1301,0,0			
12676	11	1	1	0	0,1101,0,0,0			
13343	11	1	1	0	0,0,0,1101,0			
14010	11	1	1	0	0,1101,0,0,0			
14676	11	1	1	0	0,0,0,1101,0			
15343	11	1	1	0	0,1101,0,0,0			
16010	11	1	1	0	0,0,1101,0,0			
16676	11	1	1	0	0,0,1101,0,0			
17343	2	1	1	0	0,0,1101,0,0			
17676	4	1	1	0	0,0,0,1101,0			
18010	2	1	1	0	0,0,1101,0,0			
18343	9	1	1	0	0,1101,0,0,0			
18676	2	1	1	0	0,0,1101,0,0		star	
19343	4	1	1	0	0,0,0,1101,0			
20010	2	1	1	0	0,0,1101,0,0			
20676	2	1	1	0	0,0,1302,0,0			
21343	10	1	1	0	0,0,1101,0,0			
22010	11	1	1	0	0,0,1101,0,0			
22600	1	1	1	0	0,0,0,0,0	0,0,1501,0,0		
22676	11	1	1	0	0,0,1401,0,0			
23200	1	1	1	0	0,0,0,0,0	0,0,1503,0,0		
23343	3	1	1	0	1101,1101,0,1201,1201			
24010	3	1	1	0	1101,1101,0,1201,1201			
24676	3	1	1	0	1101,1101,0,0,0			
25343	2	1	1	0	1201,1201,0,1101,1101			
26010	2	1	1	0	1201,1201,0,1101,1101			
26600	1	1	1	0	0,0,0,0,0	0,0,1505,0,0		
26676	2	1	1	0	0,0,0,1101,1101			
27343	10	1	1	0	1101,1101,0,1101,1101			
28000	1	1	1	0	0,0,0,0,0	0,0,1501,0,0		
28010	1	1	1	0	1201,0,1401,0,1201			
28676	1	1	1	0	1101,1601,0,1601,0			
28876	1	1	1	0	0,1601,0,1601,0			
29076	1	1	1	0	0,1601,0,1601,0			
29276	1	1	1	0	0,1601,0,1601,0			
29343	2	1	1	0	0,1601,0,1601,1101			
29543	2	1	1	0	0,1601,0,1601,0			
29743	2	1	1	0	0,1601,0,1601,0			
29943	3	1	1	0	0,1601,0,1601,0			
30000	1	1	1	0	0,1601,0,1601,0	0,0,1505,0,0		
30010	3	1	1	0	1101,1601,0,1601,0			
30210	3	1	1	0	0,1601,0,1601,0			
30410	3	1	1	0	0,1601,0,1601,0			
30610	3	1	1	0	0,1601,0,1601,0			
30676	4	1	1	0	0,1601,0,1601,1101			
30876	4	1	1	0	0,1601,0,1601,0			
31076	4	1	1	0	0,1601,0,1601,0			
31276	4	1	1	0	0,1601,0,1601,0			
31343	5	1	1	0	1101,1601,0,1601,0			
31543	5	1	1	0	0,1601,0,1601,0			
31743	5	1	1	0	0,1601,0,1601,0			
31943	5	1	1	0	0,1601,0,1601,0			
32010	6	1	1	0	0,1601,0,1601,1101			
32210	6	1	1	0	0,1601,0,1601,0			
32410	6	1	1	0	0,1601,0,1601,0			
32610	6	1	1	0	0,1601,0,1601,0			
32676	11	1	1	0	0,1601,1101,1601,0		star	