Test								
StartTime	HairColor	AIHairColor	ShockEffect	SoundEffect	Line	Stair	progress	door
700	1	1	1	0	0,0,1101,0,0			
1161	1	1	1	0	1101,0,0,1202,0			
1623	1	1	1	0	0,0,1101,0,0			
2084	1	1	1	0	0,1202,0,0,1101			
3007	6	1	1	0	0,0,1101,0,1201			
3469	6	1	1	0	0,1101,0,0,0			
3930	6	1	1	0	0,0,1101,0,1201			
4392	6	1	1	0	0,1101,0,0,0			
4853	6	1	1	0	0,0,1101,0,1201			
5315	6	1	1	0	0,0,0,1101,0			
5776	6	1	1	0	0,1201,0,0,1101			
6700	8	1	1	0	0,0,1101,0,1201			
7161	8	1	1	0	0,1101,0,0,0			
7623	8	1	1	0	1101,0,0,1202,0			
8084	4	1	1	0	1201,0,1101,0,0			
8546	4	1	1	0	0,0,1101,0,0			
9007	9	1	1	0	0,1202,0,0,1101			
9469	9	1	1	0	0,0,0,0,1101			
10392	3	1	1	0	1201,0,1101,0,1201		star	
10900	3	1	1	0	0,0,0,0,0			1901_3_1_40,1901_2_4_2
11776	6	1	1	0	0,1101,0,1201,0			
12238	6	1	1	0	0,0,1101,0,0			
12700	6	1	1	0	0,1101,0,0,0			
13392	6	1	1	0	0,0,0,0,0			
14292	6	1	1	0	0,0,1210,0,0			
14546	6	1	1	0	0,0,1101,0,0			
15007	6	1	1	0	0,0,1301,0,0			
15469	8	1	1	0	0,0,0,1101,0			
15930	8	1	1	0	0,0,0,1101,0			
16623	3	1	1	0	0,1101,0,0,0			
17084	3	1	1	0	0,1101,0,0,0			
17776	4	1	1	0	0,0,1101,0,0			
18238	4	1	1	0	0,0,0,1101,0			
18700	4	1	1	0	0,0,1101,0,0			
19161	9	1	1	0	0,1101,0,0,0			
19623	9	1	1	0	0,1101,0,0,0			
20315	2	1	1	0	0,0,0,1101,0		star	
20776	2	1	1	0	0,0,0,1101,0			
21469	2	1	1	0	0,0,1302,0,0			
21930	1	1	1	0	1201,0,1101,0,1201			
22392	1	1	1	0	0,0,1101,0,0			
22853	4	1	1	0	0,1101,0,1201,0			
23315	4	1	1	0	0,1101,0,0,0			
24007	8	1	1	0	0,1201,0,1101,0			
24469	8	1	1	0	0,0,0,1101,0			
25161	9	1	1	0	1601,1601,1101,1601,1601			
25361	9	1	1	0	1601,1601,0,1601,1601			
25561	9	1	1	0	1601,1601,0,1601,1601			
25623	9	1	1	0	1601,1601,1101,1601,1601			
25823	9	1	1	0	1601,1601,0,1601,1601			
26023	9	1	1	0	1601,1601,0,1601,1601			
26084	9	1	1	0	1601,1601,1101,1601,1601			
26546	6	1	1	0	0,1101,0,1201,0			
27007	6	1	1	0	0,1101,0,0,0			
27700	1	1	1	0	0,1201,0,1101,0			
28161	1	1	1	0	0,0,0,1101,0			
28853	1	1	1	0	0,0,1401,0,0			
29315	3	1	1	0	1101,1101,1101,0,0			
29776	8	1	1	0	0,0,1101,1101,1101			
30238	12	1	1	0	1101,1101,1101,1101,1101		star	