Test							
StartTime	HairColor	AIHairColor	ShockEffect	SoundEffect	Line	Stair	progress
2686	4	1	1	0	0,0,0,1101,0		
3392	9	1	1	0	0,1101,0,0,0		
4098	10	1	1	0	1601,1601,1101,1601,1601		
4298	10	1	1	0	1601,1601,0,1601,1601		
4451	11	1	1	0	1601,1601,1101,1601,1601		
4651	11	1	1	0	1601,1601,0,1601,1601		
4804	10	1	1	0	1601,1601,1101,1601,1601		
5004	10	1	1	0	1601,1601,0,1601,1601		
5157	11	1	1	0	1601,1601,1101,1601,1601		
5357	11	1	1	0	1601,1601,0,1601,1601		
5509	11	1	1	0	0,0,1301,0,0		
6568	3	1	1	0	0,0,0,1101,0		
6921	6	1	1	0	0,0,0,0,1101		
7274	3	1	1	0	0,0,0,1101,0		
7627	6	1	1	0	0,0,0,0,1101		star
7980	3	1	1	0	0,0,0,1101,0		
8333	12	1	1	0	0,0,1101,0,0		
9392	2	1	1	0	0,1101,0,0,0		
9745	9	1	1	0	1101,0,0,0,0		
10098	2	1	1	0	0,1101,0,0,0		
10451	9	1	1	0	1101,0,0,0,0		
10804	2	1	1	0	0,1101,0,0,0		
11157	10	1	1	0	0,0,1101,0,0		
12215	4	1	1	0	0,0,1101,0,0		
12568	9	1	1	0	0,0,0,1101,0		
12921	4	1	1	0	0,0,1101,0,0		
13274	2	1	1	0	0,1101,0,0,0		
13627	4	1	1	0	0,0,1101,0,0		
13980	10	1	1	0	0,0,1101,0,0		
14509	10	1	1	0	0,0,0,1101,0		
15039	11	1	1	0	0,0,1101,0,0		star
15568	11	1	1	0	0,1101,0,0,0		
16098	11	1	1	0	0,0,1302,0,0		
16804	4	1	1	0	1201,0,1101,0,1201		
17333	2	1	1	0	1201,0,1101,0,1201		
17862	9	1	1	0	0,0,0,1101,0		
18215	9	1	1	0	0,1202,0,0,1101		
18568	9	1	1	0	0,0,0,1101,0		
18921	9	1	1	0	0,0,1101,0,0		
19274	9	1	1	0	0,0,0,1101,0		
19627	3	1	1	0	0,0,0,0,0		
20527	3	1	1	0	0,0,1210,0,0				
21039	6	1	1	0	1101,0,0,1202,0		
21392	6	1	1	0	0,1101,0,0,0		
21745	6	1	1	0	0,0,1101,0,0		
22098	6	1	1	0	0,1101,0,0,0		
22451	11	1	1	0	1201,0,1101,0,1201		
22980	12	1	1	0	1201,0,1101,0,1201		
23509	10	1	1	0	1601,0,1101,0,1601		
23709	10	1	1	0	1601,0,0,0,1601		
23862	10	1	1	0	1601,1101,0,1201,1601		
24062	10	1	1	0	1601,0,0,0,1601		
24215	10	1	1	0	1601,0,1101,0,1601		
24415	10	1	1	0	1601,0,0,0,1601		
24568	10	1	1	0	1601,1201,0,1101,1601		
24768	10	1	1	0	1601,0,0,0,1601		
24921	10	1	1	0	1601,0,1101,0,1601		
25274	1	1	1	0	0,0,1401,0,0		
25804	2	1	1	0	1101,1101,0,1101,1101		
26333	9	1	1	0	0,1101,1101,1101,0		
26862	2	1	1	0	1101,1101,0,1101,1101		
27392	9	1	1	0	0,1101,1101,1101,0		star