Test							
StartTime	HairColor	AIHairColor	ShockEffect	SoundEffect	Line	Stair	progress
2920	8	1	1	0	0,0,1101,0,0		
3720	3	1	1	0	0,1101,0,0,0		
4120	3	1	1	0	1101,0,0,1202,0		
4520	3	1	1	0	0,1101,0,0,0		
4920	3	1	1	0	0,0,1101,0,0		
5320	3	1	1	0	0,0,0,1101,0		
6120	6	1	1	0	0,1202,0,1101,0		
6920	8	1	1	0	0,1101,0,1202,0		star
7720	2	1	1	0	0,0,1101,0,0		
8120	2	1	1	0	0,0,0,1101,0		
8520	2	1	1	0	0,1202,0,0,1101		
8920	2	1	1	0	0,0,0,1101,0		
9320	2	1	1	0	0,0,0,1101,0		
10120	9	1	1	0	0,0,1101,0,0		
10520	9	1	1	0	0,1101,0,1201,0		
10920	9	1	1	0	0,0,1101,0,0		
11320	9	1	1	0	0,1201,0,1101,0		
11720	9	1	1	0	0,0,1101,0,0		
12520	9	1	1	0	0,0,1301,0,0		
13320	4	1	1	0	0,0,1101,0,0		
13720	4	1	1	0	0,1101,0,0,0		
14120	4	1	1	0	1101,0,0,0,0		
14920	6	1	1	0	0,0,1101,0,0		
15320	6	1	1	0	0,0,0,1101,0		star
15720	6	1	1	0	0,0,0,0,1101		
16520	3	1	1	0	0,0,1101,0,0		
16920	3	1	1	0	0,0,1101,0,0		
17320	3	1	1	0	0,0,1302,0,0		
18120	8	1	1	0	0,0,1101,0,0		
18520	8	1	1	0	0,0,1101,0,0		
18920	8	1	1	0	0,0,1101,0,0		
19720	6	1	1	0	0,1101,0,1201,0		
20120	6	1	1	0	0,0,1101,0,0		
20520	6	1	1	0	0,1401,0,1202,0		
21320	12	1	1	0	1101,1101,1101,1101,1101		
22120	10	1	1	0	1101,1101,1101,1101,1101		
22920	6	1	1	0	1601,1601,1601,1101,0		
23120	6	1	1	0	1601,1601,1601,0,0		
23320	6	1	1	0	1601,1601,1601,0,1101		
23520	6	1	1	0	1601,1601,1601,0,0		
23720	6	1	1	0	1601,1601,1601,1101,0		
24520	2	1	1	0	0,0,1101,0,0		
25320	2	1	1	0	0,0,1101,0,0		star