Test								
StartTime	HairColor	AIHairColor	ShockEffect	SoundEffect	Line	Stair	progress	door
3101	5	1	1	0	0,0,1101,0,0			
3536	5	1	1	0	0,1101,0,0,0			
3971	5	1	1	0	0,0,0,1101,0			
4406	2	1	1	0	0,0,1101,0,0			
4840	5	1	1	0	0,1201,1101,1201,0			
5058	2	1	1	0	0,0,1101,1201,0			
5275	5	1	1	0	0,1201,1101,0,0			
5493	2	1	1	0	0,0,1101,1201,0			
5710	5	1	1	0	0,0,1101,0,0			
6145	2	1	1	0	0,1201,1101,1201,0			
6580	5	1	1	0	0,0,1301,0,0			
7014	6	1	1	0	0,1101,0,0,0			
7449	6	1	1	0	0,1101,0,0,0			
7884	6	1	1	0	1101,0,0,0,0			
8319	6	1	1	0	0,1101,0,0,0			
8753	6	1	1	0	0,0,1101,0,0			
9188	6	1	1	0	0,0,0,1101,0			
9623	6	1	1	0	0,0,0,0,1101			
10058	9	1	1	0	0,0,0,1101,0			
10275	9	1	1	0	0,0,0,1101,0			
10493	9	1	1	0	0,0,0,1101,0			
10927	2	1	1	0	0,1101,0,0,0			
11145	2	1	1	0	0,1101,0,0,0		star	
11362	2	1	1	0	0,1101,0,0,0			
11579	2	1	1	0	0,1101,0,0,0			
12666	5	1	1	0	0,0,0,1101,0			
13101	9	1	1	0	0,1101,0,0,0			
13536	9	1	1	0	0,0,1302,0,0			
13971	2	1	1	0	0,0,1101,0,0			
14406	2	1	1	0	0,0,1101,0,0			
14840	2	1	1	0	0,1101,0,0,0			
15275	2	1	1	0	1101,0,0,1202,0			
15710	2	1	1	0	0,1101,0,0,0			
16145	2	1	1	0	0,0,1101,0,0			
16579	2	1	1	0	0,0,0,1101,0			
17014	5	1	1	0	0,1101,0,0,0			
17232	5	1	1	0	0,1101,0,1202,0			
17449	5	1	1	0	0,1101,0,0,0			
17884	9	1	1	0	0,0,0,1101,0			
18101	9	1	1	0	0,1202,0,1101,0			
18319	9	1	1	0	0,0,0,1101,0			
18536	9	1	1	0	0,0,0,1101,0			
19200	10	1	1	0	0,0,0,0,0			1902_10_3_3,0
20058	12	1	1	0	0,0,1101,0,0			
20493	2	1	1	0	0,1101,0,1201,0			
20927	9	1	1	0	0,0,1101,0,0			
21362	2	1	1	0	0,1101,0,1201,0			
21797	9	1	1	0	0,0,1101,0,0			
22232	4	1	1	0	0,0,0,1101,0		star	
22666	8	1	1	0	0,0,1201,0,1101			
23101	4	1	1	0	0,0,0,1101,0			
23536	8	1	1	0	0,0,1201,0,1101			
23971	5	1	1	0	0,0,0,1101,0			
24406	5	1	1	0	0,0,1101,0,0			
24840	5	1	1	0	0,1101,0,1202,0			
25275	5	1	1	0	0,0,1101,0,0			
25710	5	1	1	0	0,0,0,1101,0			
26579	10	1	1	0	0,1101,0,0,0			
27014	10	1	1	0	0,1101,0,0,0			
27449	1	1	1	0	0,1401,0,1601,1601			
27649	1	1	1	0	0,0,0,1601,1601			
27849	1	1	1	0	0,0,0,1601,1601			
27884	4	1	1	0	0,0,0,1601,1101			
28084	1	1	1	0	0,0,0,1601,0			
28284	1	1	1	0	0,0,0,1601,0			
28319	5	1	1	0	1101,1201,0,1601,1101			
28519	1	1	1	0	0,0,0,1601,0			
28719	1	1	1	0	0,0,0,1601,0			
28753	9	1	1	0	0,0,0,1601,1101			
28953	1	1	1	0	0,0,0,1601,0			
29153	1	1	1	0	0,0,0,1601,0			
29188	3	1	1	0	1201,0,1101,1601,1101			
29388	1	1	1	0	0,0,0,1601,0			
29588	1	1	1	0	0,0,0,1601,0			
29623	8	1	1	0	0,0,0,1601,1101			
29823	1	1	1	0	0,0,0,1601,0			
30023	1	1	1	0	0,0,0,1601,0			
30058	1	1	1	0	0,0,0,1601,1101			
30258	1	1	1	0	0,0,0,1601,0			
30458	1	1	1	0	0,0,0,1601,0			
30493	2	1	1	0	0,1101,1201,1601,1101			
30693	1	1	1	0	0,0,0,1601,0			
30893	1	1	1	0	0,0,0,1601,0			
30927	12	1	1	0	0,0,0,1601,1101			
31127	1	1	1	0	0,0,0,1601,0			
31327	1	1	1	0	0,0,0,1601,0			
31362	10	1	1	0	0,0,0,1601,1101			
31562	1	1	1	0	0,0,0,1601,0			
31762	1	1	1	0	0,0,0,1601,0			
31797	11	1	1	0	1201,1101,0,1601,1101			
31997	1	1	1	0	0,0,0,1601,0			
32197	1	1	1	0	0,0,0,1601,0			
32232	3	1	1	0	0,0,0,1601,1101			
32666	11	1	1	0	0,0,1101,0,0			
32884	10	1	1	0	0,0,1101,0,0			
33101	11	1	1	0	0,0,1101,0,0			
33319	10	1	1	0	0,0,1101,0,0			
33536	11	1	1	0	0,0,1101,0,0		star	