Test													
StartTime	HairColor	AIHairColor	ShockEffect	SoundEffect	Line	WingId	LineType	SkyLine	Stair	movable	progress	door	decorate
2925	1	1	1	0	0,0,2101,0,0								
4400	2	1	1	0	0,0,1101,0,0								
4400	10	1	1	0	0,0,0,0,1101		1	11011					
4400	11	1	1	0	1101,0,0,0,0		1						
4892	3	1	1	0	0,0,0,1101,0								
4892	10	1	1	0	0,0,0,0,1101		1						
4892	11	1	1	0	1101,0,0,0,0		1						
5384	4	1	1	0	0,0,0,0,1101								
5384	10	1	1	0	0,0,0,0,1101		1						
5384	11	1	1	0	1101,0,0,0,0		1						
5876	5	1	1	0	0,0,0,1101,0								
5876	10	1	1	0	0,0,0,0,1101		1						
5876	11	1	1	0	1101,0,0,0,0		1						
6368	6	1	1	0	0,0,1101,0,0								
6368	10	1	1	0	0,0,0,0,1101		1						
6368	11	1	1	0	1101,0,0,0,0		1						
6859	8	1	1	0	0,1101,0,0,0								
6859	10	1	1	0	0,0,0,0,1101		1						
6859	11	1	1	0	1101,0,0,0,0		1						
7200	1	1	1	0	0,0,0,0,0		1	11011					
7200	1	1	1	0	0,0,0,0,0		1	01110					
7351	9	1	1	0	0,0,1402,0,0								
7351	7	1	1	0	0,0,1101,0,0		1						
7843	9	1	1	0	1601,1601,1101,1601,1601								
7843	8	1	1	0	0,0,1101,0,0		1						
8043	9	1	1	0	1601,1601,0,1601,1601								
8089	9	1	1	0	1601,1601,1101,1601,1601								
8089	8	1	1	0	0,0,1101,0,0		1						
8289	9	1	1	0	1601,1601,0,1601,1601								
8335	9	1	1	0	1601,1601,1101,1601,1601								
8335	8	1	1	0	0,0,1101,0,0		1						
8800	1	1	1	0	0,0,0,0,0		1	01110					
8800	1	1	1	0	0,0,0,0,0		1	00011					
9318	4	1	1	0	0,0,0,1101,0								
9318	4	1	1	0	0,0,0,1101,0		1						
9810	2	1	1	0	1601,0,0,0,1101								
9810	9	1	1	0	0,1101,0,0,0								
9810	8	1	1	0	0,0,0,0,1101		1						
10010	9	1	1	0	1601,0,1601,1601,0						star		
10056	2	1	1	0	1601,0,1601,1601,1101								
10056	9	1	1	0	0,1101,0,0,0								
10056	8	1	1	0	0,0,0,0,1101		1						
10256	9	1	1	0	1601,0,1601,1601,0								
10302	2	1	1	0	1601,0,1601,1601,1101								
10302	9	1	1	0	0,1101,0,0,0								
10302	8	1	1	0	0,0,0,0,1101		1						
10800	1	1	1	0	0,0,0,0,0		1	00011					
10800	1	1	1	0	0,0,0,0,0		1	11111					
11286	9	1	1	0	0,0,1921,0,0	0,0,5005,0,0							
11286	10	1	1	0	1201,0,1101,0,1201		1						
12269	10	1	1	0	1201,0,1101,0,1201		1						
12300	9	1	1	0	0,0,0,0,0							1901_9_1_30,1909_1_1	
12800	1	1	1	0	0,0,0,0,0		1	11111					
12800	1	1	1	0	0,0,0,0,0		1	11011					
13253	2	1	1	0	1101,0,0,0,1601								
13253	9	1	1	0	0,0,0,1101,0								
13253	8	1	1	0	1101,0,0,0,0		1						
13253	7	1	1	0	0,0,0,0,1101		1						
13453	9	1	1	0	0,1601,0,0,1601								
13499	2	1	1	0	1101,1601,0,0,1601								
13499	9	1	1	0	0,0,0,1101,0								
13499	8	1	1	0	1101,0,0,0,0		1						
13499	7	1	1	0	0,0,0,0,1101		1						
13699	9	1	1	0	0,1601,0,0,1601								
13745	2	1	1	0	1101,1601,0,0,1601								
13745	9	1	1	0	0,0,0,1101,0								
13745	8	1	1	0	1101,0,0,0,0		1						
13745	7	1	1	0	0,0,0,0,1101		1						
14236	2	1	1	0	0,1101,0,0,0								
14236	7	1	1	0	1101,0,0,0,0		1						
14236	8	1	1	0	0,0,0,0,1101		1						
14728	2	1	1	0	0,0,1402,0,0								
14800	1	1	1	0	0,0,0,0,0		1	11011					
14800	1	1	1	0	0,0,0,0,0		1	01111					
15220	4	1	1	0	0,0,0,1101,0								
15220	12	1	1	0	0,0,0,1101,0		1						
15712	10	1	1	0	0,0,0,0,1101								
15712	8	1	1	0	0,0,1202,0,1101		1						
15958	10	1	1	0	0,0,0,1803,1101								
15958	8	1	1	0	0,0,0,0,1101		1						
16204	10	1	1	0	0,0,0,0,1101								
16204	8	1	1	0	0,0,1202,0,1101		1						
16800	1	1	1	0	0,0,0,0,0		1	01111					
16695	2	1	1	0	0,0,0,1101,0								
16800	1	1	1	0	0,0,0,0,0		1	11110					
17187	5	1	1	0	0,1101,0,0,0								
17187	12	1	1	0	0,1101,0,0,0		1						
17679	9	1	1	0	1101,0,0,0,0								
17679	7	1	1	0	1101,0,1202,0,0		1						
17925	9	1	1	0	1101,0,0,1803,0								
17925	7	1	1	0	1101,0,0,0,0		1						
18171	9	1	1	0	1101,0,0,0,0								
18171	7	1	1	0	1101,0,1202,0,0		1						
18800	1	1	1	0	0,0,0,0,0		1	11110					
18663	2	1	1	0	0,1101,0,0,0								
18800	1	1	1	0	0,0,0,0,0		1	11111					
19154	4	1	1	0	0,0,0,1101,0								
19154	1	1	1	0	0,0,1401,0,0		1						
19646	9	1	1	0	1201,0,1101,0,1201								
19646	4	1	1	0	0,0,1101,0,0		1						
19892	9	1	1	0	0,0,1101,0,0								
19892	4	1	1	0	1101,1101,1101,1101,1101		1						
20138	9	1	1	0	1800,0,1101,0,1801						star		
20138	4	1	1	0	0,1101,0,1101,0		1						
20630	1	1	1	0	0,1101,0,0,0								
20630	10	1	1	0	0,0,1101,0,0		1						
21122	2	1	1	0	1201,0,1101,0,1201								
21122	10	1	1	0	0,1101,1101,1101,0		1						
21613	3	1	1	0	0,0,0,1101,0								
21613	10	1	1	0	1101,1101,1101,1101,1101		1						
22105	4	1	1	0	1800,0,1101,0,1801								
22105	10	1	1	0	0,1101,0,1101,0		1						
22400	1	1	1	0	0,0,0,0,0		1	11111					
22597	5	1	1	0	0,1101,0,0,0								
23000	11	1	1	0	0,0,0,0,0							1902_11_3_2,0	
24000	10	1	1	0	0,0,0,0,0				0,0,0,1501,0				
24072	10	1	1	0	0,0,0,1101,0								2001,0
24272	9	1	1	0	0,0,0,0,0								
24318	10	1	1	0	0,1921,0,1101,0	0,5002,0,0,0							
24400	1	1	1	0	0,0,0,0,1801				0,0,0,1505,1505				
24518	9	1	1	0	0,0,0,0,0								
24564	10	1	1	0	0,0,0,1101,0								
24764	9	1	1	0	0,0,0,0,0								
24810	10	1	1	0	0,0,0,1101,0								
25548	10	1	1	0	0,0,1101,0,0								
26040	10	1	1	0	0,1101,0,0,0								
26531	10	1	1	0	1101,0,0,0,0								
26777	10	1	1	0	1101,0,0,0,0								
27023	10	1	1	0	1401,0,0,0,0								
28007	1	1	1	0	1101,1101,0,0,1801								
28499	2	1	1	0	0,1101,1101,0,0								
28990	3	1	1	0	1800,0,1101,1101,0								
29482	4	1	1	0	0,0,0,1101,1101								
29974	5	1	1	0	1800,0,1101,1101,0								
30466	6	1	1	0	0,1101,1101,0,0								
30958	11	1	1	0	1101,1101,0,0,1801						star		
