Test										
StartTime	HairColor	AIHairColor	ShockEffect	SoundEffect	Line	Stair	movable	progress	door	decorate
2015	1	1	1	0	0,0,1301,0,0					
2470	2	1	1	0	0,0,1101,0,0					
2924	9	1	1	0	0,0,1101,0,0					
3379	2	1	1	0	0,0,1101,0,0					
3833	9	1	1	0	0,1101,0,0,0					
4060	2	1	1	0	0,1101,0,0,0					
4515	9	1	1	0	0,1101,0,0,0					
5197	4	1	1	0	0,0,1101,0,0					
5651	8	1	1	0	0,0,0,1101,0					
6106	4	1	1	0	0,0,0,0,1101					
6560	8	1	1	0	0,0,0,1101,0					
7015	4	1	1	0	0,0,1101,0,0					
7470	8	1	1	0	0,1101,0,0,0					
7600	1	1	1	0	0,0,0,1206,0					
7697	4	1	1	0	0,1101,0,0,0					
8151	8	1	1	0	0,1101,0,0,0					
8606	11	1	1	0	0,0,1101,0,0					
9742	3	1	1	0	0,0,1101,0,0					
10197	5	1	1	0	0,1101,0,0,0			star		
10651	3	1	1	0	1101,0,0,0,0					
11106	5	1	1	0	0,1101,0,0,0					
11200	1	1	1	0	0,0,0,1206,0					
11333	3	1	1	0	0,1101,0,0,0					
11788	5	1	1	0	0,0,1101,0,0					
12242	3	1	1	0	0,0,0,1101,0					
12697	5	1	1	0	0,0,0,0,1101					
13151	3	1	1	0	0,0,0,1101,0					
13600	1	1	1	0	0,0,0,1206,0					
13800	1	1	1	0	0,0,0,1206,0					
14000	1	1	1	0	0,0,0,1206,0					
14742	1	1	1	0	0,0,1302,0,0					
16551	1	1	1	0	0,0,1210,0,0					
17015	4	1	1	0	0,1101,0,0,1201					
17470	4	1	1	0	1201,0,0,1101,0					
17924	4	1	1	0	0,1101,0,0,1201					
18379	4	1	1	0	0,0,0,1101,0					
18606	8	1	1	0	0,0,0,1101,0					
19060	8	1	1	0	0,0,0,1101,0					
19515	1	1	1	0	0,0,0,0,0				1901_8_3_2,1901_9_4_2	
20651	3	1	1	0	0,1101,0,1202,0			star		
21106	3	1	1	0	0,1101,0,1202,0					
21560	3	1	1	0	0,1101,0,1202,0					
22015	7	1	1	0	0,0,1101,0,0					
22242	7	1	1	0	0,0,1101,0,0					
22697	7	1	1	0	0,0,1101,0,0					
23606	1	1	1	0	0,0,0,0,0				1903_1_1,1903_1_1	
24515	1	1	1	0	0,0,0,0,0					2002,2003
25424	1	1	1	0	0,1401,0,1402,0					
26200	1	1	1	0	0,1601,0,1601,0					
26333	8	1	1	0	0,0,0,0,1101					
26333	9	1	1	0	1101,0,0,0,0					
26333	2	1	1	0	0,0,1101,0,0					
26400	1	1	1	0	0,1601,0,1601,0					
26600	1	1	1	0	0,1601,0,1601,0					
26788	8	1	1	0	0,0,0,0,1101					
26788	9	1	1	0	1101,0,0,0,0					
26788	2	1	1	0	0,0,1101,0,0					
26800	1	1	1	0	0,1601,0,1601,0					
27000	1	1	1	0	0,1601,0,1601,0					
27200	1	1	1	0	0,1601,0,1601,0					
27242	8	1	1	0	0,0,0,0,1101					
27242	9	1	1	0	1101,0,0,0,0					
27242	2	1	1	0	0,0,1101,0,0					
27400	1	1	1	0	0,1601,0,1601,0					
27600	1	1	1	0	0,1601,0,1601,0					
27697	8	1	1	0	0,0,0,0,1101					
27697	9	1	1	0	1101,0,0,0,0					
27697	2	1	1	0	0,0,1101,0,0					
28800	1	1	1	0	0,1601,0,1601,0					
28833	11	1	1	0	0,0,0,0,1101					
28833	12	1	1	0	0,0,1101,0,0					
28833	10	1	1	0	1101,0,0,0,0					
29000	1	1	1	0	0,1601,0,1601,0					
29060	11	1	1	0	0,0,0,0,1101					
29060	12	1	1	0	0,0,1101,0,0					
29060	10	1	1	0	1101,0,0,0,0					
29200	1	1	1	0	0,1601,0,1601,0					
29288	11	1	1	0	0,0,0,0,1101					
29288	12	1	1	0	0,0,1101,0,0					
29288	10	1	1	0	1101,0,0,0,0					
29400	1	1	1	0	0,1601,0,1601,0					
29515	11	1	1	0	0,0,0,0,1101					
29515	12	1	1	0	0,0,1101,0,0					
29515	10	1	1	0	1101,0,0,0,0					
29600	1	1	1	0	0,1601,0,1601,0					
29800	1	1	1	0	0,1601,0,1601,0					
30000	1	1	1	0	0,1601,0,1601,0					
30197	11	1	1	0	0,0,0,0,1101					
30197	12	1	1	0	0,0,1101,0,0					
30197	10	1	1	0	1101,0,0,0,0					
30200	1	1	1	0	0,1601,0,1601,0			star		
