Test								
StartTime	HairColor	AIHairColor	ShockEffect	SoundEffect	Line	Stair	progress	door
2200	11	1	1	0	0,0,0,0,0			1902_11_1_40,0
3000	2	1	1	0	1201,0,1101,0,0			
3400	5	1	1	0	0,1101,0,1201,0			
3800	2	1	1	0	1201,0,1101,0,0			
4600	2	1	1	0	1101,0,0,1601,1601			
4800	2	1	1	0	0,0,0,1601,1601			
5000	2	1	1	0	0,0,0,1601,1601			
5200	2	1	1	0	0,0,0,1601,1601			
5400	5	1	1	0	0,0,1101,1601,1601			
6200	2	1	1	0	0,1201,0,1101,0			
6600	5	1	1	0	0,0,1101,0,1201			
7000	2	1	1	0	0,1201,0,1101,0			
7800	4	1	1	0	1601,1601,0,0,1101			
8000	2	1	1	0	1601,1601,0,0,0			
8200	2	1	1	0	1601,1601,0,0,0			
8400	2	1	1	0	1601,1601,0,0,0			
8600	8	1	1	0	1601,1601,1101,0,0			
9400	4	1	1	0	0,1101,0,1201,0		star	
9800	8	1	1	0	1201,0,1101,0,0			
10200	4	1	1	0	0,1101,0,1201,0			
11000	8	1	1	0	1601,0,0,1101,1601			
11200	2	1	1	0	1601,0,0,0,1601			
11400	2	1	1	0	1601,0,0,0,1601			
11600	2	1	1	0	1601,0,0,0,1601			
11800	4	1	1	0	1601,1101,0,0,1601			
12600	8	1	1	0	0,1201,0,1101,0			
13000	4	1	1	0	0,0,1101,0,1201			
13400	8	1	1	0	0,1201,0,1101,0			
14200	4	1	1	0	0,0,0,0,0			
15100	4	1	1	0	0,0,1210,0,0						
15800	10	1	1	0	0,0,1301,0,0			
16600	10	1	1	0	0,0,1101,0,0			
17400	3	1	1	0	0,0,0,1101,0			
18200	8	1	1	0	0,1101,0,0,0		star	
19000	3	1	1	0	0,0,1101,0,0			
19400	3	1	1	0	0,0,0,1101,0			
19800	3	1	1	0	0,0,0,0,1101			
20600	2	1	1	0	0,0,0,1101,0			
21400	5	1	1	0	0,1101,0,0,0			
22200	2	1	1	0	0,0,1101,0,0			
22600	2	1	1	0	0,1101,0,0,0			
23000	2	1	1	0	1101,0,0,0,0			
23800	2	1	1	0	0,0,1302,0,0			
24600	2	1	1	0	0,0,1401,0,0			
25400	4	1	1	0	0,0,1101,1101,1101			
25800	8	1	1	0	1101,1101,1101,0,0			
26200	4	1	1	0	0,0,1101,1101,1101			
27000	10	1	1	0	0,0,0,1101,0			
27400	11	1	1	0	0,0,1101,0,0			
27600	10	1	1	0	0,0,1101,0,0			
28000	11	1	1	0	0,1101,0,0,0			
28200	10	1	1	0	0,1101,0,0,0			
28600	11	1	1	0	0,1101,0,0,0		star	