Test							
StartTime	HairColor	AIHairColor	ShockEffect	SoundEffect	Line	Stair	progress
2085	4	1	1	0	0,1101,0,0,0		
3092	3	1	1	0	1101,0,0,0,0		
4100	6	1	1	0	0,0,1101,0,0		
4604	3	1	1	0	0,0,1202,0,1101		
5107	6	1	1	0	0,0,1101,0,0		
5611	3	1	1	0	0,0,1202,0,1101		
6115	6	1	1	0	1201,0,1101,0,1201		
7122	8	1	1	0	1201,0,1101,0,1201		
8130	4	1	1	0	1601,1601,1601,1101,0		
8330	4	1	1	0	1601,1601,1601,0,0		
8382	4	1	1	0	1601,1601,1601,1101,0		
8582	4	1	1	0	1601,1601,1601,0,0		
8782	4	1	1	0	1601,1601,1601,0,0		
8886	4	1	1	0	1601,1601,1601,1101,0		
9086	4	1	1	0	1601,1601,1601,0,0		
9286	4	1	1	0	1601,1601,1601,0,0		
9486	4	1	1	0	1601,1601,1601,0,0		
9641	4	1	1	0	1601,1601,1601,1101,0		
10145	6	1	1	0	0,0,1101,0,0		
11153	8	1	1	0	1101,0,0,0,0		
12160	3	1	1	0	1601,1101,0,0,0		
12360	4	1	1	0	1601,0,0,0,0		star
12412	8	1	1	0	1601,1101,0,1202,0		
12612	4	1	1	0	1601,0,0,0,0		
12812	4	1	1	0	1601,0,0,0,0		
12916	3	1	1	0	1601,1101,0,0,0		
13672	4	1	1	0	0,0,1101,0,0		
14175	4	1	1	0	0,1202,0,1101,0		
15183	4	1	1	0	0,1101,0,1202,0		
16190	9	1	1	0	0,0,1101,0,0		
16694	9	1	1	0	0,0,0,1101,0		
17198	9	1	1	0	0,0,0,0,1101		
17954	4	1	1	0	0,0,1101,0,0		
19213	4	1	1	0	1101,0,0,0,0		
20221	1	1	1	0	0,0,1401,0,0		
20724	10	1	1	0	0,0,1101,0,0		
20976	11	1	1	0	0,1101,1101,1101,0		
21480	10	1	1	0	1101,1101,1101,1101,1101		
22236	10	1	1	0	0,0,1301,0,0		
22740	11	1	1	0	0,0,1101,0,0		
23243	11	1	1	0	0,0,1101,0,0		
23747	11	1	1	0	0,0,1101,0,0		
24251	1	1	1	0	0,1101,0,0,0		
24503	2	1	1	0	0,0,1101,0,0		
24755	3	1	1	0	0,0,0,1101,0		star
25007	4	1	1	0	0,0,1101,0,0		
25258	5	1	1	0	0,1101,0,0,0		
25510	6	1	1	0	0,0,1101,0,0		
25762	8	1	1	0	0,0,0,1101,0		
26266	11	1	1	0	0,0,0,0,1101		
26770	11	1	1	0	0,0,0,1101,0		
27274	11	1	1	0	0,0,1101,0,0		
27777	1	1	1	0	0,1101,0,0,0		
28281	2	1	1	0	0,0,1101,0,0		
28533	3	1	1	0	0,0,0,1101,0		
28785	4	1	1	0	0,0,1101,0,0		
29037	5	1	1	0	0,1101,0,0,0		
29289	6	1	1	0	0,0,1101,0,0		
29792	1	1	1	0	0,0,1302,0,0		
30296	10	1	1	0	0,0,1101,0,0		
30800	10	1	1	0	0,0,1101,0,0		
31304	10	1	1	0	0,1201,0,1101,0		
31808	10	1	1	0	0,0,0,0,1101		
32311	10	1	1	0	0,1201,0,1101,0		
32815	10	1	1	0	0,0,1101,0,0		
33319	10	1	1	0	0,1201,0,1101,0		
33823	10	1	1	0	0,0,1101,0,0		
34326	10	1	1	0	0,1101,0,1202,0		
34830	10	1	1	0	1101,0,0,0,0		
35334	10	1	1	0	0,1101,0,1202,0		
35838	10	1	1	0	1101,0,0,0,0		
36342	10	1	1	0	0,1101,0,1202,0		
36845	10	1	1	0	0,0,1101,0,0		
37349	10	1	1	0	0,0,0,1101,0		
37853	10	1	1	0	0,0,1101,0,0		star