Test												
StartTime	HairColor	AIHairColor	ShockEffect	SoundEffect	Line	LineType	SkyLine	Stair	Movable	progress	door	decorate
785	1	1	1	0	0,0,2101,0,0							
1745	10	1	1	0	0,0,1401,0,0							
2400	1	1	1	0	0,0,0,0,0	1	11111					
2705	4	1	1	0	0,1101,1101,1101,0							
2705	8	1	1	0	0,0,0,1101,0	1						
3185	4	1	1	0	1101,1101,1101,0,0							
3185	8	1	1	0	0,0,0,1101,0	1						
3665	9	1	1	0	0,1101,1101,1101,0							
3665	6	1	1	0	0,1101,0,0,0	1						
4145	9	1	1	0	0,0,1101,1101,1101							
4145	6	1	1	0	0,1101,0,0,0	1						
4465	2	1	1	0	0,0,0,1101,0							
4465	4	1	1	0	1101,0,0,0,0							
4625	3	1	1	0	0,0,1101,0,0	1						
5105	2	1	1	0	0,1800,0,0,1101							
5105	4	1	1	0	1101,0,0,0,0							
5105	3	1	1	0	0,0,1101,0,0	1						
5585	2	1	1	0	0,0,0,1101,0							
5585	4	1	1	0	1101,0,0,0,0							
5585	1	1	1	0	0,0,0,0,0	1					1903_1_1,1901_3_3_2	
6000	1	1	1	0	0,0,0,0,0	1	11111					
6000	1	1	1	0	0,0,0,0,0	1	10001					
6385	5	1	1	0	0,1101,0,0,0							
6385	6	1	1	0	0,0,0,0,1101							
6385	5	1	1	0	0,0,0,0,1101	1						
7025	5	1	1	0	1101,0,0,0,0							
7025	6	1	1	0	0,0,0,1101,0							
7025	5	1	1	0	0,0,0,0,1101	1						
7500	6	1	1	0	0,0,0,0,0						1901_5_1_40,1901_6_2_40	
7505	5	1	1	0	0,0,0,0,1101	1						
7600	1	1	1	0	0,0,0,0,0	1	10001					
7600	1	1	1	0	0,0,0,0,0	1	11111					
8000	1	1	1	0	0,0,0,0,0	1	11111					
8000	1	1	1	0	0,0,0,0,0	1	01010					
8400	1	1	1	0	0,1601,0,1601,0			0,0,1501,0,0				
8465	11	1	1	0	0,1601,1101,1601,0							
8465	10	1	1	0	1101,0,0,0,1101							
8465	11	1	1	0	0,1101,0,1101,0	1						
8665	1	1	1	0	0,1601,0,1601,0							
8865	1	1	1	0	0,1601,0,1601,0							
9065	1	1	1	0	0,1601,0,1601,0							
9265	1	1	1	0	0,1601,0,1601,0							
9400	1	1	1	0	0,1601,0,1601,0			0,0,1505,0,0				
9425	11	1	1	0	1101,1601,1101,1601,1101					star		
9425	11	1	1	0	0,1101,0,1101,0	1						
10000	1	1	1	0	0,0,0,0,0	1	01010					
10000	1	1	1	0	0,0,0,0,0	1	01110					
10385	4	1	1	0	0,0,0,1101,0							
10385	9	1	1	0	0,0,1101,0,0							
10385	8	1	1	0	0,1101,0,0,0	1						
10865	4	1	1	0	0,0,1101,0,0							
10865	9	1	1	0	0,1101,0,0,0							
10865	8	1	1	0	0,0,1101,0,0	1						
11345	9	1	1	0	0,1101,0,0,0							
11345	4	1	1	0	1101,0,0,0,0							
11345	9	1	1	0	0,0,0,1101,0	1						
11825	9	1	1	0	0,0,1101,0,0							
11825	4	1	1	0	0,1101,0,0,0							
11825	9	1	1	0	0,0,1101,0,0	1						
12145	5	1	1	0	1601,1601,0,1101,1601							
12305	4	1	1	0	0,0,0,1101,0	1						
12345	1	1	1	0	1601,1601,0,0,1601							
12545	1	1	1	0	1601,1601,0,0,1601							
12745	1	1	1	0	1601,1601,0,0,1601							
12785	5	1	1	0	1601,1601,0,1101,1601							
12785	4	1	1	0	0,0,0,1101,0	1						
13200	1	1	1	0	0,0,0,0,0	1	01110					
13200	5	1	1	0	0,0,0,0,0						1901_5_4_2,1901_6_3_2	
14065	2	1	1	0	0,0,1101,0,0							
14200	1	1	1	0	1201,0,0,0,1201							
14600	1	1	1	0	1201,0,0,0,1201							
14705	2	1	1	0	0,0,1101,0,0							
15000	1	1	1	0	1201,0,0,0,1201							
15185	2	1	1	0	0,0,1101,0,0							
16145	1	1	1	0	0,0,1301,0,0							
17105	12	1	1	0	0,0,1101,0,0							
18065	2	1	1	0	0,0,1206,0,1101							
18545	4	1	1	0	0,0,0,1101,0							
19025	9	1	1	0	1204,0,1101,0,1205							
19505	4	1	1	0	0,1101,0,0,0							
19985	2	1	1	0	1101,0,1206,0,0					star		
21905	1	1	1	0	0,0,1302,0,0							
22385	2	1	1	0	0,0,1101,0,0							
22865	4	1	1	0	0,0,0,1101,0							
23345	9	1	1	0	0,0,1101,0,0							
23825	10	1	1	0	0,1101,0,0,0							
24785	1	1	1	0	0,0,1401,0,0							
25745	2	1	1	0	1101,1101,0,1202,0							
26225	2	1	1	0	1101,1101,0,0,0							
26705	4	1	1	0	0,1202,0,1101,1101							
27185	4	1	1	0	0,0,0,1101,1101							
27505	9	1	1	0	0,1101,1101,1101,0							
28145	9	1	1	0	0,1101,1101,1101,0							
28625	9	1	1	0	1101,1101,1101,1101,1101							
29425	2	1	1	0	0,0,1101,0,0							
30065	2	1	1	0	0,1101,0,0,0							
30545	2	1	1	0	0,1101,0,0,0					star		
