Test									
StartTime	HairColor	AIHairColor	ShockEffect	SoundEffect	Line	Stair	movable	progress	door
2000	9	1	1	0	0,0,1101,0,0				
2600	9	1	1	0	0,0,0,0,0				1901_9_1_100,1905_1_1
3600	9	1	1	0	1601,1101,0,0,0	0,1501,1501,1501,0			
3800	4	1	1	0	1601,0,0,0,0				
4000	4	1	1	0	1601,0,0,0,0				
4200	1	1	1	0	1601,0,0,0,0				
4400	1	1	1	0	1601,1101,0,0,0				
4600	4	1	1	0	1601,0,0,0,0				
4800	4	1	1	0	1601,1101,0,0,0				
5000	4	1	1	0	1601,0,0,0,0				
5200	4	1	1	0	1601,1101,0,0,0				
5400	1	1	1	0	1601,0,0,0,0				
5600	5	1	1	0	1601,0,0,0,0				
5800	5	1	1	0	1601,0,0,0,0				
6000	5	1	1	0	1601,1101,0,0,0	0,1503,1503,1503,0			
6200	5	1	1	0	1601,0,0,0,0				
6400	5	1	1	0	1601,0,0,0,0				
6600	8	1	1	0	1601,0,0,0,0				
6800	8	1	1	0	1601,0,1101,0,0				
7000	8	1	1	0	1601,0,0,0,0				
7200	8	1	1	0	1601,0,0,0,0				
7400	8	1	1	0	1601,0,0,0,0				
7600	10	1	1	0	1601,0,0,1101,0	0,1502,1502,1502,0			
7800	10	1	1	0	1601,0,0,0,0				
8000	10	1	1	0	1601,0,0,0,0				
8200	10	1	1	0	1601,0,0,0,0				
8400	10	1	1	0	1601,0,0,1101,0				
8600	12	1	1	0	1601,0,0,0,0				
8800	12	1	1	0	1601,0,0,1101,0				
9000	12	1	1	0	1601,0,0,0,0				
9200	12	1	1	0	1601,0,0,1101,0				
9400	6	1	1	0	1601,0,0,0,0				
9600	1	1	1	0	1601,0,0,1101,0				
9800	1	1	1	0	1601,0,0,0,0			star	
10000	6	1	1	0	1601,0,0,1101,0	0,1505,1505,1505,0			
10200	6	1	1	0	1601,0,0,0,0				
10400	6	1	1	0	1601,0,0,0,0				
10600	6	1	1	0	1601,0,0,0,0				
10800	6	1	1	0	1601,0,1101,0,0				
11000	6	1	1	0	1601,0,0,0,0				
11200	6	1	1	0	1601,0,0,0,0				
11400	1	1	1	0	1601,0,0,0,0				
11600	3	1	1	0	1601,1101,0,0,0				
11800	3	1	1	0	1601,0,0,0,0				
12000	3	1	1	0	1601,0,0,0,0				
12200	3	1	1	0	1601,0,0,0,0				
12400	3	1	1	0	1601,0,1101,0,0				
12600	3	1	1	0	1601,0,0,0,0				
12800	8	1	1	0	1601,0,0,0,0				
13000	9	1	1	0	1601,0,0,0,0				
13200	6	1	1	0	1601,0,0,1101,0				
14000	8	1	1	0	0,0,1401,0,0				
14800	8	1	1	0	1101,1101,0,0,0				
15200	9	1	1	0	0,0,0,1101,1101				
15600	6	1	1	0	1101,1101,0,0,0				
16000	8	1	1	0	0,0,0,1101,1101				
16400	10	1	1	0	0,0,0,0,0				1901_10_4_2,1901_10_1_30
17200	8	1	1	0	0,1101,0,0,0				
17600	8	1	1	0	1101,0,0,0,0				
17200	2	1	1	0	0,0,0,1101,0				
17600	2	1	1	0	0,0,0,0,1101				
18000	10	1	1	0	0,1101,1101,1101,0				
18800	4	1	1	0	1800,0,1101,1101,1101				
19600	2	1	1	0	1101,1101,1101,0,1801				
20400	4	1	1	0	1800,0,1101,1101,1101			star	
21200	2	1	1	0	0,0,1101,0,0		1701,1701,1701,0,0		
21200	6	1	1	0	1101,0,0,0,0		1701,1701,1701,0,0		
21400	4	1	1	0	0,0,0,0,0		1701,1701,1701,0,0		
21600	2	1	1	0	0,0,1101,0,0		1701,1701,1701,0,0		
21600	6	1	1	0	1101,0,0,0,0		1701,1701,1701,0,0		
21800	4	1	1	0	0,0,0,0,0		1701,1701,1701,0,0		
22000	2	1	1	0	0,0,1101,0,0		1701,1701,1701,0,0		
22000	6	1	1	0	1101,0,0,0,0		1701,1701,1701,0,0		
22200	2	1	1	0	0,0,0,0,0		1701,1701,1701,0,0		
22400	5	1	1	0	0,0,1101,0,0		1701,1701,1701,0,0		
22400	6	1	1	0	1101,0,0,0,0		1701,1701,1701,0,0		
22600	2	1	1	0	0,0,0,0,0		1701,1701,1701,0,0		
22800	5	1	1	0	0,0,1101,0,0		1701,1701,1701,0,0		
22800	6	1	1	0	1101,0,0,0,0		1701,1701,1701,0,0		
23000	2	1	1	0	0,0,0,0,0		1701,1701,1701,0,0		
23600	5	1	1	0	0,0,1101,0,0				
24000	2	1	1	0	0,0,1101,0,0				
24400	5	1	1	0	0,1202,0,1101,0				
25200	6	1	1	0	0,0,0,0,1101				
26000	1	1	1	0	0,1202,0,1101,0				
26800	6	1	1	0	0,0,1101,0,0				
27600	6	1	1	0	1601,1601,1101,1601,1601				
27800	6	1	1	0	1601,1601,0,1601,1601				
28000	6	1	1	0	1601,1601,1101,1601,1601				
28200	6	1	1	0	1601,1601,0,1601,1601				
28400	9	1	1	0	1601,1601,1101,1601,1601				
29200	1	1	1	0	0,0,1101,0,0			star	