Test								
StartTime	HairColor	AIHairColor	ShockEffect	SoundEffect	Line	Stair	progress	door
1508	6	1	1	0	0,1101,0,0,1201			
2231	8	1	1	0	1201,0,0,1101,0			
2954	6	1	1	0	0,1101,0,0,1201			
3700	8	1	1	0	0,0,0,0,0			1902_8_3_50,0
4400	3	1	1	0	0,1202,0,1101,0			
4761	3	1	1	0	0,0,0,1101,0			
5122	8	1	1	0	1601,1601,1601,1101,1601			
5303	8	1	1	0	1601,1601,1601,1101,1601			
5503	1	1	1	0	1601,1601,1601,0,1601			
5665	8	1	1	0	1601,1601,1601,1101,1601			
6387	6	1	1	0	0,0,1101,0,0			
7110	4	1	1	0	0,1101,0,1201,0			
8014	8	1	1	0	0,1201,0,1101,0			
8737	4	1	1	0	0,0,1101,0,0			
9098	4	1	1	0	0,1101,0,0,0		star	
9460	4	1	1	0	0,0,1101,0,0			
9821	8	1	1	0	0,0,0,0,0			
10721	8	1	1	0	0,0,1210,0,0									
11448	6	1	1	0	0,0,1101,0,0			
11990	6	1	1	0	0,0,1101,0,0			
12351	8	1	1	0	0,1101,0,0,0			
12713	8	1	1	0	0,0,1101,0,0			
13074	4	1	1	0	0,1202,0,1101,0			
13797	8	1	1	0	0,1101,0,1202,0			
14500	4	1	1	0	0,0,0,0,0			1901_4_4_2,1901_8_1_44
15243	8	1	1	0	0,0,1101,0,0			
15966	1	1	1	0	0,0,1301,0,0			
16327	8	1	1	0	0,0,1101,0,0			
16689	4	1	1	0	0,0,1101,0,0			
17050	8	1	1	0	0,1101,0,1205,0			
17412	4	1	1	0	0,0,1101,0,0			
17773	8	1	1	0	0,1204,0,1101,0			
18134	4	1	1	0	0,0,1101,0,0		star	
18496	8	1	1	0	0,1101,0,1205,0			
18857	4	1	1	0	0,0,1101,0,0			
19219	8	1	1	0	0,0,0,1101,0			
19580	4	1	1	0	0,0,0,1101,0			
20303	8	1	1	0	0,0,1101,0,0			
20845	4	1	1	0	0,1101,0,0,0			
21207	8	1	1	0	0,1101,0,0,0			
21568	4	1	1	0	0,0,1302,0,0			
22472	8	1	1	0	0,0,1101,0,0			
23014	11	1	1	0	0,1401,0,1101,0			
23375	4	1	1	0	0,1101,0,1101,0			
23556	8	1	1	0	1101,0,1101,0,0			
23737	9	1	1	0	0,1101,0,1101,0			
23918	4	1	1	0	0,0,1101,0,1101			
24098	8	1	1	0	0,1101,0,1101,0			
24279	9	1	1	0	1101,0,1101,0,0			
24640	4	1	1	0	0,1101,0,1202,0			
25363	8	1	1	0	0,1202,0,1101,0			
26086	10	1	1	0	1601,1601,1101,1601,1601			
26286	1	1	1	0	1601,1601,0,1601,1601			
26448	10	1	1	0	1601,1601,1101,1601,1601			
26648	1	1	1	0	1601,1601,0,1601,1601			
26809	10	1	1	0	1601,1601,1101,1601,1601			
27532	10	1	1	0	0,0,1101,0,0		star	