Test									
StartTime	HairColor	AIHairColor	ShockEffect	SoundEffect	Line	Stair	progress	door	decorate
1357	4	1	1	0	0,0,1101,0,0				
1945	4	1	1	0	0,0,0,1101,0				
2532	4	1	1	0	0,1101,0,0,0				
3120	4	1	1	0	1101,0,0,0,0				
3414	4	1	1	0	1101,0,1202,0,0				
4295	4	1	1	0	0,1402,0,0,0				
4883	4	1	1	0	0,0,1101,0,0				
5470	3	1	1	0	0,0,0,1101,0				
5600	1	1	1	0	0,0,0,0,0	0,0,0,1501,0			
5764	1	1	1	0	1601,1601,1601,0,0				
5964	1	1	1	0	1601,1601,1601,0,0				
6058	8	1	1	0	1601,1601,1601,1101,0				
6258	1	1	1	0	1601,1601,1601,0,0				
6352	3	1	1	0	1601,1601,1601,1101,0				
6552	1	1	1	0	1601,1601,1601,0,0				
6646	8	1	1	0	1601,1601,1601,1101,0				
6846	1	1	1	0	1601,1601,1601,0,0				
7046	1	1	1	0	1601,1601,1601,0,0				
7200	1	1	1	0	0,0,0,0,0	0,0,0,1505,0			
7233	3	1	1	0	1601,1601,1601,1101,0				
7433	1	1	1	0	1601,1601,1601,0,0				
7527	8	1	1	0	1601,1601,1601,1101,0				
7727	1	1	1	0	1601,1601,1601,0,0				
7821	3	1	1	0	1601,1601,1601,1101,0				
8021	1	1	1	0	1601,1601,1601,0,0		star		
8115	8	1	1	0	1601,1601,1601,1101,0				
9000	10	1	1	0	0,0,0,0,0			1902_10_3_2	
9584	2	1	1	0	0,0,1101,0,0				
10172	9	1	1	0	0,1101,0,0,0				
10400	1	1	1	0	0,0,0,0,0	1501,1501,1501,0,0			0,2003
10466	1	1	1	0	0,0,0,1601,0				
10666	1	1	1	0	0,0,0,1601,0				
10759	2	1	1	0	0,0,1101,1601,0				
10959	1	1	1	0	0,0,0,1601,0				
11053	9	1	1	0	0,0,1101,1601,0				
11253	1	1	1	0	0,0,0,1601,0				
11347	2	1	1	0	0,0,1101,1601,0				
11547	1	1	1	0	0,0,0,1601,0				
11747	1	1	1	0	0,0,0,1601,0				
11800	1	1	1	0	0,0,0,0,0	1505,1505,1505,0,0			
11935	9	1	1	0	1101,0,1801,1601,0				
12135	1	1	1	0	0,0,0,1601,0				
12229	2	1	1	0	1101,0,0,1601,0				
12429	1	1	1	0	0,0,0,1601,0				
12522	9	1	1	0	1101,0,0,1601,0				
12816	2	1	1	0	1101,0,0,0,0				
14285	1	1	1	0	0,0,1301,0,0				
14873	2	1	1	0	0,0,1101,0,0				
15461	5	1	1	0	0,0,0,1101,0				
15755	2	1	1	0	0,0,1101,0,0				
16048	5	1	1	0	0,1101,0,0,0		star		
16342	1	1	1	0	0,0,0,1205,0				
16636	2	1	1	0	0,1101,0,0,0				
16930	5	1	1	0	0,0,1101,0,0				
17224	2	1	1	0	0,0,0,1101,0				
17518	5	1	1	0	0,0,1101,0,0				
18399	1	1	1	0	0,0,1302,0,0				
18987	4	1	1	0	0,0,0,1101,0				
19574	8	1	1	0	0,0,0,0,1101				
20162	4	1	1	0	0,1202,0,1101,0				
20456	8	1	1	0	0,0,0,1101,0				
21043	1	1	1	0	0,1401,0,0,0				
21337	4	1	1	0	1101,1101,0,0,0				
21631	9	1	1	0	1101,1101,0,1202,0				
21925	4	1	1	0	0,0,1101,1101,0				
22219	9	1	1	0	0,0,1101,1101,0				
23100	10	1	1	0	1101,1101,1101,1101,1101		star		
