Test								
StartTime	HairColor	AIHairColor	ShockEffect	SoundEffect	Line	Stair	progress	door
2180	2	1	1	0	0,0,1101,0,0			
2648	9	1	1	0	1101,0,0,1202,0			
3351	2	1	1	0	1201,0,1101,0,1201			
3586	9	1	1	0	0,0,1101,0,0			
4055	2	1	1	0	0,0,1101,0,0			
4523	9	1	1	0	0,1202,0,0,1101			
5400	1	1	1	0	0,0,0,0,0	0,0,0,1501,0		
5461	2	1	1	0	1601,1601,0,1101,0			
5661	1	1	1	0	1601,1601,0,0,0			
5861	1	1	1	0	1601,1601,0,0,0			
5800	1	1	1	0	0,0,0,0,0	0,0,0,1505,0		
5930	2	1	1	0	1601,1601,0,1101,0			
6130	1	1	1	0	1601,1601,0,0,0			
6330	1	1	1	0	1601,1601,0,0,0			
6398	2	1	1	0	1601,1601,0,1101,0			
7200	1	1	1	0	0,0,0,0,0	0,1501,0,0,0		
7336	4	1	1	0	0,1101,0,1601,1601			
7536	1	1	1	0	0,0,0,1601,1601			
7736	1	1	1	0	0,0,0,1601,1601			
7800	1	1	1	0	0,0,0,0,0	0,1505,0,0,0		
7805	4	1	1	0	0,1101,0,1601,1601			
8005	1	1	1	0	0,0,0,1601,1601			
8205	1	1	1	0	0,0,0,1601,1601			
8273	4	1	1	0	0,1101,0,1601,1601			
9200	4	1	1	0	0,0,0,0,0			1901_4_1_30,1901_6_2_30
9680	10	1	1	0	0,1101,0,1201,0			
10148	10	1	1	0	0,1201,0,1101,0		star	
10851	4	1	1	0	0,1101,0,0,0			
11086	9	1	1	0	0,1101,0,1202,0			
11555	4	1	1	0	0,0,1101,0,0			
12023	9	1	1	0	0,0,0,1101,0			
12961	9	1	1	0	0,0,1101,0,0			
13430	9	1	1	0	0,0,0,1101,0			
13898	9	1	1	0	0,1202,0,0,1101			
14367	9	1	1	0	0,0,0,1101,0			
15305	4	1	1	0	0,0,1101,0,0			
15773	4	1	1	0	0,1101,0,0,0			
16242	4	1	1	0	1101,0,0,1202,0			
16711	4	1	1	0	0,1101,0,0,0			
17648	1	1	1	0	0,0,1301,0,0			
18117	2	1	1	0	0,0,1101,0,0			
18586	2	1	1	0	0,0,1101,0,0			
19523	9	1	1	0	0,1204,0,1101,0			
19992	9	1	1	0	0,0,1101,0,0			
20461	9	1	1	0	0,1101,0,1205,0		star	
21398	2	1	1	0	0,0,0,1101,0			
21867	2	1	1	0	0,0,0,1101,0			
22336	1	1	1	0	0,0,1302,0,0			
23039	1	1	1	0	0,0,1401,0,0			
23273	2	1	1	0	0,1101,1101,0,0			
23508	4	1	1	0	0,0,1101,1101,0			
23742	9	1	1	0	0,0,0,1101,1101			
23976	2	1	1	0	0,0,1101,1101,0			
24211	4	1	1	0	0,1101,1101,0,0			
24680	9	1	1	0	0,0,1101,0,0			
25148	9	1	1	0	0,0,0,1101,0			
25617	9	1	1	0	0,0,1101,0,1802			
26086	9	1	1	0	0,0,0,1101,0			
25148	3	1	1	0	0,0,1101,0,0			
25617	3	1	1	0	0,1101,0,0,0			
26086	3	1	1	0	0,0,1101,0,0			
27023	4	1	1	0	1601,1101,0,1601,1601			
27223	1	1	1	0	1601,0,0,1601,1601			
27423	1	1	1	0	1601,0,0,1601,1601			
27492	4	1	1	0	1601,1101,0,1601,1601			
27692	1	1	1	0	1601,0,0,1601,1601			
27892	1	1	1	0	1601,0,0,1601,1601			
27961	4	1	1	0	1601,1101,0,1601,1601			
28898	2	1	1	0	0,0,0,1101,0			
29367	2	1	1	0	0,1802,0,0,1101			
29836	2	1	1	0	0,0,0,1101,0			
28898	8	1	1	0	0,0,1101,0,0			
29367	8	1	1	0	0,0,0,1101,0			
29836	8	1	1	0	0,0,1101,0,0			
30773	10	1	1	0	1601,1601,1101,1601,1601			
30973	1	1	1	0	1601,1601,0,1601,1601			
31173	1	1	1	0	1601,1601,0,1601,1601			
31242	10	1	1	0	1601,1601,1101,1601,1601			
31442	1	1	1	0	1601,1601,0,1601,1601			
31642	1	1	1	0	1601,1601,0,1601,1601			
31711	10	1	1	0	1601,1601,1101,1601,1601		star	