Test							
StartTime	HairColor	AIHairColor	ShockEffect	SoundEffect	Line	Stair	progress
1130	4	1	1	0	0,0,1101,0,0		
1610	4	1	1	0	0,0,0,1101,0		
2090	4	1	1	0	0,0,1101,0,0		
2570	4	1	1	0	0,0,0,1101,0		
3050	2	1	1	0	0,0,1101,0,0		
3530	9	1	1	0	0,1101,0,0,0		
4010	2	1	1	0	1101,0,0,1202,0		
4250	2	1	1	0	1101,0,0,0,0		
4490	2	1	1	0	1101,0,0,1202,0		
4970	4	1	1	0	0,1101,0,0,0		
5450	8	1	1	0	0,0,1101,0,0		
5930	4	1	1	0	0,1202,0,1101,0		
6170	4	1	1	0	0,0,0,1101,0		
6410	4	1	1	0	0,1202,0,1101,0		
6890	2	1	1	0	0,0,1101,0,0		
7370	5	1	1	0	0,1101,0,0,0		
7800	1	1	1	0	1601,0,0,0,1601	0,0,1501,0,0	
7850	2	1	1	0	1601,0,1101,0,1601		
8050	1	1	1	0	1601,0,0,0,1601		
8200	1	1	1	0	1601,0,0,0,1601	0,0,1505,0,0	
8210	2	1	1	0	1601,0,1101,0,1601		
8410	1	1	1	0	1601,0,0,0,1601		
8570	2	1	1	0	1601,0,1101,0,1601		
8810	4	1	1	0	1601,0,0,1101,0		
9010	1	1	1	0	1601,0,0,0,0		
9210	1	1	1	0	1601,0,0,0,0		
9290	9	1	1	0	1601,0,0,0,1101		
9490	1	1	1	0	1601,0,0,0,0		
9690	1	1	1	0	1601,0,0,0,0		
9600	1	1	1	0	1601,0,0,0,0	0,0,0,1501,0	
9770	4	1	1	0	1601,0,0,1101,0		
9970	1	1	1	0	1601,0,0,0,0		
10000	1	1	1	0	1601,0,0,0,0	0,0,0,1505,0	
10010	4	1	1	0	1601,0,0,1101,0		
10210	1	1	1	0	1601,0,0,0,0		
10410	1	1	1	0	1601,0,0,0,0		
10490	4	1	1	0	1601,0,0,1101,0		
10730	3	1	1	0	0,0,1101,0,0		
11210	6	1	1	0	0,1101,0,0,0		star
11690	3	1	1	0	1201,0,1101,0,1601		
11890	1	1	1	0	0,0,0,0,1601		
11930	3	1	1	0	0,0,1101,0,1601		
12130	1	1	1	0	0,0,0,0,1601		
12170	3	1	1	0	1201,0,1101,0,1601		
12650	9	1	1	0	0,0,0,1101,0		
13130	8	1	1	0	0,0,1101,0,0		
13610	9	1	1	0	0,1201,0,1101,0		
13850	9	1	1	0	0,0,0,1101,0		
14090	9	1	1	0	0,1201,0,1101,0		
14570	5	1	1	0	0,0,1101,0,0		
15050	2	1	1	0	0,1101,0,0,0		
15530	5	1	1	0	1101,0,0,1202,0		
15890	5	1	1	0	1101,0,0,0,0		
16250	5	1	1	0	1101,0,0,1202,0		
16490	4	1	1	0	1101,0,0,0,0		
16970	4	1	1	0	0,0,1101,0,0		
17690	4	1	1	0	0,0,1101,0,0		
18410	1	1	1	0	0,0,1301,0,0		
18650	2	1	1	0	0,0,1101,0,0		
18890	5	1	1	0	0,0,1101,0,0		
19370	2	1	1	0	0,0,0,1101,0		
19850	5	1	1	0	0,0,0,1101,0		
20330	4	1	1	0	0,0,0,1101,0		
20570	9	1	1	0	0,0,1101,0,0		
20810	4	1	1	0	0,1101,0,0,0		
21290	9	1	1	0	0,0,0,1101,0		
21770	4	1	1	0	0,1101,0,0,0		
22250	2	1	1	0	0,0,1101,0,0		star
22490	9	1	1	0	0,0,1101,0,0		
22730	2	1	1	0	0,0,1101,0,0		
23210	1	1	1	0	0,0,1302,0,0		
23690	1	1	1	0	0,0,1401,0,0		
24170	3	1	1	0	1101,1101,0,0,0		
24650	8	1	1	0	0,0,0,1101,1101		
25130	3	1	1	0	1101,1101,0,0,0		
25610	8	1	1	0	0,0,0,1101,1101		
26090	10	1	1	0	0,1101,0,1601,1601		
26330	10	1	1	0	0,1101,0,1601,1601		
26570	10	1	1	0	0,1101,0,1601,1601		
27050	6	1	1	0	1101,0,0,0,0		
27530	4	1	1	0	0,0,1101,0,0		
28010	11	1	1	0	1601,1601,0,1101,0		
28250	11	1	1	0	1601,1601,0,1101,0		
28490	11	1	1	0	1601,1601,0,1101,0		
28970	9	1	1	0	0,0,1101,0,0		
29450	8	1	1	0	0,0,0,0,1101		
29930	6	1	1	0	0,0,1101,0,0		
30410	6	1	1	0	0,1101,0,1201,0		
30890	6	1	1	0	0,0,1101,0,0		
31370	6	1	1	0	0,1101,0,1201,0		
31850	2	1	1	0	0,0,1101,0,0		
32090	2	1	1	0	0,0,1101,0,0		
32330	2	1	1	0	0,0,1101,0,0		
32810	5	1	1	0	0,0,0,1101,0		
33290	5	1	1	0	0,0,0,1101,0		
33770	2	1	1	0	1101,0,0,0,0		
33770	4	1	1	0	0,1101,0,0,0		
33770	10	1	1	0	0,0,1101,0,0		
33770	6	1	1	0	0,0,0,1101,0		
33770	8	1	1	0	0,0,0,0,1101		star