Test							
StartTime	HairColor	AIHairColor	ShockEffect	SoundEffect	Line	Stair	progress
1800	1	1	1	0	0,0,0,0,0	1501,1501,0,0,0	
1881	2	1	1	0	0,1101,0,1601,1601		
2081	1	1	1	0	0,0,0,1601,1601		
2108	2	1	1	0	0,1101,0,1601,1601		
2308	1	1	1	0	0,0,0,1601,1601		
2408	1	1	1	0	0,0,0,1601,1601	1505,1505,0,0,0	
2561	5	1	1	0	1101,0,0,1601,1601		
2761	1	1	1	0	0,0,0,1601,1601		
2788	5	1	1	0	1101,0,0,1601,1601		
3800	1	1	1	0	0,0,0,0,0	0,0,0,1501,1501	
3808	2	1	1	0	1601,1601,0,1101,0		
4008	1	1	1	0	1601,1601,0,0,0		
4035	2	1	1	0	1601,1601,0,1101,0		
4235	1	1	1	0	1601,1601,0,0,0		
4400	1	1	1	0	1601,1601,0,0,0	0,0,0,1505,1505	
4488	4	1	1	0	1601,1601,0,0,1101		
4688	1	1	1	0	1601,1601,0,0,0		
4715	4	1	1	0	1601,1601,0,0,1101		
5600	1	1	1	0	0,0,0,0,0	0,1501,1501,1501,0	
5736	2	1	1	0	0,0,1101,0,0		
5962	5	1	1	0	0,0,1101,0,0		
6400	1	1	1	0	0,0,0,0,0	0,1505,1505,1505,0	
6529	2	1	1	0	0,0,1101,0,0		
7663	2	1	1	0	0,1101,0,1202,0		
8003	4	1	1	0	0,1101,0,0,0		
8230	2	1	1	0	0,1101,0,1202,0		
8797	4	1	1	0	0,0,0,0,0		
9697	4	1	1	0	0,0,1210,0,0		
9931	7	1	1	0	1101,0,0,0,0		
10158	8	1	1	0	1101,0,0,0,0		star
11291	2	1	1	0	1601,0,1101,1601,1601		
11491	1	1	1	0	1601,0,0,1601,1601		
11691	1	1	1	0	1601,0,0,1601,1601		
11745	4	1	1	0	1601,1101,0,1601,1601		
11945	1	1	1	0	1601,0,0,1601,1601		
11972	2	1	1	0	1601,1101,0,1601,1601		
13105	2	1	1	0	1101,0,1601,1601,1601		
13305	1	1	1	0	0,0,1601,1601,1601		
13505	1	1	1	0	0,0,1601,1601,1601		
13559	9	1	1	0	0,1101,1601,1601,1601		
13759	1	1	1	0	0,0,1601,1601,1601		
13786	2	1	1	0	0,1101,1601,1601,1601		
14919	4	1	1	0	1201,0,1101,0,1201		
15373	9	1	1	0	1201,0,1101,0,1201		
15600	4	1	1	0	0,0,1101,0,0		
16053	10	1	1	0	1601,1601,1101,1601,1601		
16253	1	1	1	0	1601,1601,0,1601,1601		
16453	1	1	1	0	1601,1601,0,1601,1601		
16653	1	1	1	0	1601,1601,0,1601,1601		
16853	1	1	1	0	1601,1601,0,1601,1601		
17053	1	1	1	0	1601,1601,0,1601,1601		
17253	1	1	1	0	1601,1601,0,1601,1601		
17453	1	1	1	0	1601,1601,0,1601,1601		
17640	1	1	1	0	0,0,1301,0,0		
18093	10	1	1	0	0,0,1101,0,0		
18547	10	1	1	0	0,0,1101,0,0		
18774	4	1	1	0	0,0,0,1101,0		
19001	10	1	1	0	0,0,1101,0,0		
19227	4	1	1	0	0,1101,0,0,0		
19454	10	1	1	0	0,0,1101,0,0		
20361	2	1	1	0	0,0,0,0,1101		star
20588	4	1	1	0	0,0,0,1101,0		
20815	2	1	1	0	0,0,1101,0,0		
21041	4	1	1	0	0,1101,0,0,0		
21268	2	1	1	0	1101,0,0,0,0		
22175	2	1	1	0	1101,0,0,0,0		
22402	5	1	1	0	0,1101,0,0,0		
22629	2	1	1	0	0,0,1101,0,0		
22855	5	1	1	0	0,0,0,1101,0		
23082	2	1	1	0	0,0,0,0,1101		
23309	5	1	1	0	0,0,0,1101,0		
23536	2	1	1	0	0,0,1101,0,0		
23989	1	1	1	0	0,0,1302,0,0		
24443	2	1	1	0	0,0,1101,0,0		
24669	5	1	1	0	0,0,1101,0,0		
25350	1	1	1	0	0,0,1401,0,0		
25803	4	1	1	0	0,1101,1101,0,1201		
26030	9	1	1	0	1101,1101,0,0,0		
26257	4	1	1	0	0,1101,1101,0,1201		
26484	9	1	1	0	0,0,1101,1101,0		
26710	4	1	1	0	0,1101,1101,0,1201		
27617	4	1	1	0	1101,1101,0,0,0		
27844	8	1	1	0	0,0,0,1101,1101		
28071	4	1	1	0	1101,1101,0,0,0		
28298	8	1	1	0	0,0,0,1101,1101		
28524	4	1	1	0	1101,1101,0,0,0		
29431	8	1	1	0	0,0,1101,0,0		
29885	8	1	1	0	0,0,1101,0,0		
30338	8	1	1	0	0,0,1101,0,0		
30792	2	1	1	0	1101,0,0,0,0		
30792	4	1	1	0	0,1101,0,0,0		
30792	10	1	1	0	0,0,1101,0,0		
30792	4	1	1	0	0,0,0,1101,0		
30792	2	1	1	0	0,0,0,0,1101		star