Test							
StartTime	HairColor	AIHairColor	ShockEffect	SoundEffect	Line	Stair	progress
1951	4	1	1	0	0,0,1101,0,0		
2431	8	1	1	0	0,0,1202,0,1101		
2911	4	1	1	0	0,0,1101,0,0		
3800	1	1	1	0	0,0,0,0,0	0,1501,0,0,0	
3871	4	1	1	0	0,1101,0,1601,1601		
4071	1	1	1	0	0,0,0,1601,1601		
4200	1	1	1	0	0,0,0,1601,1601	0,1505,0,0,0	
4351	4	1	1	0	0,1101,0,1601,1601		
4551	1	1	1	0	0,0,0,1601,1601		
4591	4	1	1	0	0,1101,0,1601,1601		
4791	1	1	1	0	0,0,0,1601,1601		
4831	4	1	1	0	0,1101,0,1601,1601		
5031	1	1	1	0	0,0,0,1601,1601		
5231	1	1	1	0	0,0,0,1601,1601		
5311	4	1	1	0	0,1101,0,1601,1601		
5791	2	1	1	0	0,0,1101,0,0		
6271	9	1	1	0	1101,0,1202,0,0		
6751	2	1	1	0	0,0,1101,0,0		
7471	2	1	1	0	1601,1601,1601,1101,0		
7671	1	1	1	0	1601,1601,1601,0,0		
7711	2	1	1	0	1601,1601,1601,1101,0		
7911	1	1	1	0	1601,1601,1601,0,0		
8111	1	1	1	0	1601,1601,1601,0,0		
8191	2	1	1	0	1601,1601,1601,0,1101		
8391	1	1	1	0	1601,1601,1601,0,0		
8431	2	1	1	0	1601,1601,1601,0,1101		
8631	1	1	1	0	1601,1601,1601,0,0		
8671	2	1	1	0	1601,1601,1601,0,1101		
9631	11	1	1	0	0,0,1101,0,0		
10000	1	1	1	0	0,0,0,0,0	0,1501,1501,1501,0	
10111	10	1	1	0	0,1101,0,0,0		star
10591	10	1	1	0	0,0,0,1101,0		
11200	1	1	1	0	0,0,0,0,0	0,1505,1505,1505,0	
11311	11	1	1	0	0,1101,0,0,0		
11551	11	1	1	0	0,1101,0,0,0		
12031	11	1	1	0	0,0,0,1101,0		
12271	11	1	1	0	0,0,0,1101,0		
12511	11	1	1	0	0,0,0,1101,0		
13471	2	1	1	0	1201,0,1101,0,1201		
13951	2	1	1	0	0,0,1101,0,0		
14431	2	1	1	0	1201,0,1101,0,1201		
14911	1	1	1	0	0,0,1401,0,0		
15391	2	1	1	0	0,0,1101,1101,0		
15631	4	1	1	0	0,0,0,1101,1101		
15871	6	1	1	0	0,1101,1101,0,0		
16111	8	1	1	0	1101,1101,0,0,0		
16351	9	1	1	0	0,0,1101,1101,0		
16831	10	1	1	0	0,1101,1101,0,0		
17311	1	1	1	0	0,0,1301,0,0		
17791	4	1	1	0	0,0,1101,0,0		
18271	4	1	1	0	0,0,1101,0,0		
18751	6	1	1	0	0,0,0,1101,0		
19231	6	1	1	0	0,0,0,0,1101		
19711	8	1	1	0	0,0,0,1101,0		
20191	8	1	1	0	0,0,0,1101,0		star
21151	9	1	1	0	0,0,1101,0,0		
21631	9	1	1	0	0,1101,0,0,0		
22111	9	1	1	0	1101,0,0,0,0		
22591	9	1	1	0	0,1101,0,0,0		
23071	2	1	1	0	0,0,1101,0,0		
23311	5	1	1	0	0,0,0,1101,0		
23551	2	1	1	0	0,0,1101,0,0		
23791	5	1	1	0	0,1101,0,0,0		
24031	2	1	1	0	0,0,1101,0,0		
24991	1	1	1	0	0,0,1302,0,0		
25951	4	1	1	0	0,0,1101,0,0		
26431	4	1	1	0	0,0,1101,0,0		
26911	4	1	1	0	0,0,0,1101,0		
27391	6	1	1	0	0,0,1202,0,1101		
27871	6	1	1	0	0,0,0,0,1101		
28831	8	1	1	0	0,0,1101,0,1601		
29031	1	1	1	0	0,0,0,0,1601		
29231	1	1	1	0	0,0,0,0,1601		
29311	4	1	1	0	0,1101,0,0,1601		
29511	1	1	1	0	0,0,0,0,1601		
29711	1	1	1	0	0,0,0,0,1601		
29791	8	1	1	0	0,0,1101,0,1601		
29991	1	1	1	0	0,0,0,0,1601		
30191	1	1	1	0	0,0,0,0,1601		
30271	4	1	1	0	0,1101,0,0,1601		
30471	1	1	1	0	0,0,0,0,1601		
30671	1	1	1	0	0,0,0,0,1601		
30751	8	1	1	0	0,0,1101,0,1601		
31231	4	1	1	0	0,0,0,1101,0		
31711	8	1	1	0	0,0,1101,0,0		
32191	4	1	1	0	0,0,1101,0,0		
32671	2	1	1	0	1101,0,0,0,0		
32671	4	1	1	0	0,1101,0,0,0		
32671	10	1	1	0	0,0,1101,0,0		
32671	6	1	1	0	0,0,0,1101,0		
32671	8	1	1	0	0,0,0,0,1101		star