Test							
StartTime	HairColor	AIHairColor	ShockEffect	SoundEffect	Line	Stair	progress
1059	2	1	1	0	0,0,1101,0,0		
1535	2	1	1	0	0,0,1101,0,0		
2487	4	1	1	0	0,0,0,1101,0		
2963	4	1	1	0	0,1101,0,0,0		
3439	4	1	1	0	1101,0,0,1202,0		
3678	4	1	1	0	1101,0,0,0,0		
3916	4	1	1	0	1101,0,0,1202,0		
4392	2	1	1	0	0,0,1101,0,0		
4868	2	1	1	0	0,0,0,0,1101		
5344	2	1	1	0	0,0,1101,0,0		
6297	9	1	1	0	0,1202,0,1101,0		
6773	9	1	1	0	0,0,0,1101,0		
7249	9	1	1	0	0,1101,0,0,0		
7487	9	1	1	0	0,1101,0,1202,0		
7725	9	1	1	0	0,1101,0,0,0		
8201	4	1	1	0	0,0,1101,0,0		star
8678	4	1	1	0	0,0,0,1101,0		
9154	4	1	1	0	0,0,0,0,1101		
10106	1	1	1	0	0,0,1401,0,0		
10582	4	1	1	0	0,0,1101,1101,0		
10820	8	1	1	0	0,0,0,1101,1101		
11058	4	1	1	0	0,0,1101,1101,0		
11297	8	1	1	0	0,1101,1101,0,0		
11535	4	1	1	0	0,0,1101,1101,0		
12011	9	1	1	0	0,0,1101,0,0		
12487	9	1	1	0	0,0,1101,0,0		
12963	2	1	1	0	1601,1601,1601,1101,0		
13163	1	1	1	0	1601,1601,1601,0,0		
13201	2	1	1	0	1601,1601,1601,1101,0		
13439	2	1	1	0	0,0,0,1101,0		
13916	4	1	1	0	0,1101,0,0,0		
14154	4	1	1	0	0,1101,1601,1601,1601		
14354	1	1	1	0	0,0,1601,1601,1601		
14392	4	1	1	0	0,1101,1601,1601,1601		
15344	9	1	1	0	0,0,1101,0,0		
15820	9	1	1	0	0,0,1101,0,0		
16297	1	1	1	0	0,0,1301,0,0		
17011	3	1	1	0	0,0,0,0,1101		
17249	8	1	1	0	0,0,0,1101,0		
17487	3	1	1	0	0,0,1101,0,0		
17725	8	1	1	0	0,1101,0,0,0		
17963	3	1	1	0	1101,0,0,0,0		
18201	1	1	1	0	0,0,1302,0,0		star
18916	12	1	1	0	0,0,1101,0,0	0,1501,1501,1501,0	
19154	12	1	1	0	0,0,1101,0,0		
19630	12	1	1	0	0,0,1101,0,0		
20106	12	1	1	0	0,0,1101,0,0		
21535	12	1	1	0	0,0,1101,0,0	0,1505,1505,1505,0	
22725	11	1	1	0	0,1101,0,0,0		
22963	11	1	1	0	0,1101,0,0,0		
23439	10	1	1	0	0,0,0,1101,0		
23916	10	1	1	0	0,0,0,1101,0		
24630	1	1	1	0	0,0,1203,0,0		
25344	1	1	1	0	0,0,1203,0,0		
26058	1	1	1	0	0,0,1203,0,0		
26773	2	1	1	0	0,0,1101,0,0		
27249	2	1	1	0	0,0,1101,0,0		
27725	2	1	1	0	0,0,1101,0,0		
28030	1	1	1	0	1601,1601,0,1601,1601		
28230	1	1	1	0	1601,1601,0,1601,1601		
28430	1	1	1	0	1601,1601,0,1601,1601		
28630	1	1	1	0	1601,1601,0,1601,1601		
28830	1	1	1	0	1601,1601,0,1601,1601		
29030	1	1	1	0	1601,1601,0,1601,1601		
29230	1	1	1	0	1601,1601,0,1601,1601		
29630	3	1	1	0	1101,0,0,0,0		
29630	4	1	1	0	0,1101,0,0,0		
29630	11	1	1	0	0,0,1101,0,0		
29630	2	1	1	0	0,0,0,1101,0		
29630	5	1	1	0	0,0,0,0,1101		star