Test							
StartTime	HairColor	AIHairColor	ShockEffect	SoundEffect	Line	Stair	progress
1380	4	1	1	0	0,1101,0,0,0		
1626	4	1	1	0	0,1101,0,1202,0		
1994	4	1	1	0	0,1101,0,0,0		
2363	8	1	1	0	0,0,0,1101,0		
2609	8	1	1	0	0,1202,0,1101,0		
2978	8	1	1	0	0,0,0,1101,0		
3347	2	1	1	0	0,0,1101,0,0		
3593	2	1	1	0	1201,0,1101,0,1201		
3962	2	1	1	0	0,0,1101,0,0		
4330	9	1	1	0	1101,0,0,0,0		
4576	9	1	1	0	1101,0,1202,0,0		
4945	9	1	1	0	1101,0,0,0,0		
5314	6	1	1	0	0,1101,0,0,0		
5560	6	1	1	0	0,1101,0,1202,0		
5929	6	1	1	0	0,1101,0,0,0		
6298	3	1	1	0	0,0,0,1101,0		
6544	3	1	1	0	0,1202,0,1101,0		
6871	3	1	1	0	0,0,0,1101,0		
7527	10	1	1	0	0,0,1101,0,0		
8511	11	1	1	0	0,1202,0,0,1101		
9248	8	1	1	0	0,1101,0,0,0	0,1501,1501,1501,0	
9494	8	1	1	0	0,1101,0,0,0		
9863	8	1	1	0	0,1101,0,0,0		
10232	4	1	1	0	0,0,0,1101,0		star
10477	4	1	1	0	0,0,0,1101,0		
10724	4	1	1	0	0,0,0,1101,0	0,1503,1503,1503,0	
11216	2	1	1	0	0,1101,0,0,0		
11461	2	1	1	0	0,1101,0,0,0		
11830	2	1	1	0	0,1101,0,0,0		
12199	9	1	1	0	0,0,0,1101,0		
12444	9	1	1	0	0,0,0,1101,0		
12691	9	1	1	0	0,0,0,1101,0	0,1505,1505,1505,0	
13183	5	1	1	0	0,0,1101,0,0		
13428	5	1	1	0	0,0,1101,0,0		
13798	5	1	1	0	0,0,1101,0,0		
14166	4	1	1	0	0,0,0,1101,0		
14412	4	1	1	0	0,0,0,1101,0		
14658	4	1	1	0	0,0,0,1101,0		
15396	11	1	1	0	1601,1601,1101,1601,1601		
15596	1	1	1	0	1601,1601,0,1601,1601		
15796	1	1	1	0	1601,1601,0,1601,1601		
15996	1	1	1	0	1601,1601,0,1601,1601		
16196	1	1	1	0	1601,1601,0,1601,1601		
16380	10	1	1	0	1601,1601,1101,1601,1601		
17363	1	1	1	0	0,0,1301,0,0		
17855	10	1	1	0	0,0,1101,0,0		
18347	2	1	1	0	1101,0,0,0,0		
18593	4	1	1	0	0,1101,0,0,0		
18839	6	1	1	0	0,0,1101,0,0		
19085	8	1	1	0	0,0,0,1101,0		
19330	9	1	1	0	0,0,0,0,1101		
19822	2	1	1	0	0,0,0,1101,0		
20314	5	1	1	0	0,0,1101,0,0		star
20560	2	1	1	0	0,1101,0,0,0		
20806	5	1	1	0	0,0,1101,0,0		
21052	2	1	1	0	0,0,0,1101,0		
21298	5	1	1	0	0,0,1101,0,0		
21789	2	1	1	0	0,1101,0,0,0		
22281	4	1	1	0	1101,0,0,0,0		
22527	6	1	1	0	0,1101,0,0,0		
22773	8	1	1	0	0,0,1101,0,0		
23019	9	1	1	0	0,0,0,1101,0		
23265	2	1	1	0	0,0,0,0,1101		
23757	4	1	1	0	0,0,0,1101,0		
24248	9	1	1	0	0,0,1101,0,0		
24740	4	1	1	0	0,1101,0,0,0		
25232	1	1	1	0	0,0,1302,0,0		
25724	2	1	1	0	0,0,1101,0,0		
26216	2	1	1	0	0,1101,0,1601,1601		
26416	1	1	1	0	0,0,0,1601,1601		
26462	5	1	1	0	0,1101,0,1601,1601		
26662	1	1	1	0	0,0,0,1601,1601		
26707	2	1	1	0	0,1101,0,1601,1601		
26907	1	1	1	0	0,0,0,1601,1601		
26953	5	1	1	0	0,1101,0,1601,1601		
27153	1	1	1	0	0,0,0,1601,1601		
27199	2	1	1	0	0,1101,0,1601,1601		
27691	4	1	1	0	0,0,1101,0,0		
28183	4	1	1	0	1601,1601,0,1101,0		
28383	1	1	1	0	1601,1601,0,0,0		
28429	8	1	1	0	1601,1601,0,1101,0		
28629	1	1	1	0	1601,1601,0,0,0		
28675	4	1	1	0	1601,1601,0,1101,0		
28875	1	1	1	0	1601,1601,0,0,0		
28921	8	1	1	0	1601,1601,0,1101,0		
29121	1	1	1	0	1601,1601,0,0,0		
29166	4	1	1	0	1601,1601,0,1101,0		
29658	9	1	1	0	1601,0,1101,0,1601		
29858	1	1	1	0	1601,0,0,0,1601		
30058	1	1	1	0	1601,0,0,0,1601		
30150	2	1	1	0	1601,0,1101,0,1601		
30350	1	1	1	0	1601,0,0,0,1601		
30396	9	1	1	0	1601,0,1101,0,1601		
30596	1	1	1	0	1601,0,0,0,1601		
30642	2	1	1	0	1601,0,1101,0,1601		
30842	1	1	1	0	1601,0,0,0,1601		
30888	9	1	1	0	1601,0,1101,0,1601		
31134	2	1	1	0	0,0,1101,0,0		
31626	2	1	1	0	0,0,1101,0,0		
32117	11	1	1	0	1101,0,0,0,0		
32117	2	1	1	0	0,1101,0,0,0		
32118	10	1	1	0	0,0,1101,0,0		
32119	4	1	1	0	0,0,0,1101,0		
32120	12	1	1	0	0,0,0,0,1101		star