Test							
StartTime	HairColor	AIHairColor	ShockEffect	SoundEffect	Line	Stair	progress
2033	10	1	1	0	0,1101,0,0,0		
2551	10	1	1	0	0,1101,0,0,0		
3326	4	1	1	0	0,0,1101,0,0		
3585	4	1	1	0	0,1101,0,1601,1601		
3785	1	1	1	0	0,0,0,1601,1601		
3844	4	1	1	0	0,1101,0,1601,1601		
4620	9	1	1	0	1601,1601,0,1101,0		
4820	1	1	1	0	1601,1601,0,0,0		
4878	9	1	1	0	1601,1601,0,1101,0		
5654	8	1	1	0	0,1101,0,1601,1601		
5854	1	1	1	0	0,0,0,1601,1601		
5913	8	1	1	0	0,1101,0,1601,1601		
6430	8	1	1	0	0,0,1101,0,0		
6947	8	1	1	0	1101,0,0,0,0		
7464	2	1	1	0	0,0,1101,0,0		
7723	2	1	1	0	1601,1601,0,1101,0		
7923	1	1	1	0	1601,1601,0,0,0		
7982	2	1	1	0	1601,1601,0,1101,0		
8758	5	1	1	0	0,1101,0,1601,1601		
8958	1	1	1	0	0,0,0,1601,1601		
9016	5	1	1	0	0,1101,0,1601,1601		
9792	3	1	1	0	1601,1601,0,1101,0		
9992	1	1	1	0	1601,1601,0,0,0		
10051	3	1	1	0	1601,1601,0,1101,0		
10568	3	1	1	0	0,0,0,0,1101		
11085	3	1	1	0	0,0,1101,0,0		
11602	1	1	1	0	0,0,1301,0,0		
12120	8	1	1	0	0,0,0,1101,0		star
12637	4	1	1	0	0,0,0,1101,0		
12895	8	1	1	0	0,0,1101,0,0		
13154	4	1	1	0	0,1101,0,0,0		
13671	4	1	1	0	1101,0,0,0,0		
14189	4	1	1	0	1101,0,0,0,0		
14706	9	1	1	0	0,1101,0,0,0		
15223	9	1	1	0	0,0,1101,0,0		
15740	1	1	1	0	0,0,1302,0,0		
15999	2	1	1	0	0,0,1101,0,0		
16258	5	1	1	0	0,0,1101,0,0		
17033	2	1	1	0	0,1101,0,0,0		
17292	5	1	1	0	0,1101,0,0,0		
18068	2	1	1	0	0,0,0,1101,0		
18327	5	1	1	0	0,1202,0,1101,0		
18844	2	1	1	0	0,0,0,1101,0		
19361	1	1	1	0	0,0,1401,0,0		
19878	2	1	1	0	1101,1101,0,0,0		
20137	4	1	1	0	0,0,0,1101,1101		
20395	8	1	1	0	1101,1101,0,0,0		
20654	9	1	1	0	0,0,0,1101,1101		
20913	10	1	1	0	1101,1101,1101,1101,1101		
21800	1	1	1	0	0,0,0,0,0	1501,1501,1501,0,0	
21947	2	1	1	0	0,1101,0,1601,0		
22147	1	1	1	0	0,0,0,1601,0		
22347	1	1	1	0	0,0,0,1601,0		
22464	4	1	1	0	0,0,1101,1601,0		
22664	1	1	1	0	0,0,0,1601,0		
22864	1	1	1	0	0,0,0,1601,0		
22982	2	1	1	0	0,1101,0,1601,0		
23182	1	1	1	0	0,0,0,1601,0		
23382	1	1	1	0	0,0,0,1601,0		
23400	1	1	1	0	0,0,0,1601,0	1505,1505,1505,0,0	
23499	4	1	1	0	1101,0,0,1601,0		
23699	1	1	1	0	0,0,0,1601,0		
23899	1	1	1	0	0,0,0,1601,0		
24016	2	1	1	0	0,0,1101,1601,0		star
24216	1	1	1	0	0,0,0,1601,0		
24275	4	1	1	0	0,0,1101,1601,0		
24475	1	1	1	0	0,0,0,1601,0		
24533	2	1	1	0	0,0,1101,1601,0		
24733	1	1	1	0	0,0,0,1601,0		
24792	4	1	1	0	0,0,1101,1601,0		
24992	1	1	1	0	0,0,0,1601,0		
25051	2	1	1	0	0,0,1101,1601,0		
26000	1	1	1	0	0,0,0,0,0	0,0,1501,1501,1501	
26085	2	1	1	0	0,1601,0,1101,0		
26285	1	1	1	0	0,1601,0,0,0		
26485	1	1	1	0	0,1601,0,0,0		
26602	9	1	1	0	0,1601,1101,0,0		
26802	1	1	1	0	0,1601,0,0,0		
27002	1	1	1	0	0,1601,0,0,0		
27120	2	1	1	0	0,1601,0,1101,0		
27320	1	1	1	0	0,1601,0,0,0		
27520	1	1	1	0	0,1601,0,0,0		
27600	1	1	1	0	0,1601,0,0,0	0,0,1505,1505,1505	
27637	9	1	1	0	0,1601,0,0,1101		
27837	1	1	1	0	0,1601,0,0,0		
28037	1	1	1	0	0,1601,0,0,0		
28154	2	1	1	0	0,1601,1101,0,0		
28354	1	1	1	0	0,1601,0,0,0		
28413	9	1	1	0	0,1601,1101,0,0		
28613	1	1	1	0	0,1601,0,0,0		
28671	2	1	1	0	0,1601,1101,0,0		
28871	1	1	1	0	0,1601,0,0,0		
28930	9	1	1	0	0,1601,1101,0,0		
29130	1	1	1	0	0,1601,0,0,0		
29189	2	1	1	0	0,1601,1101,0,0		
30223	4	1	1	0	0,0,1101,0,0		
30600	1	1	1	0	0,0,0,0,0	0,1501,1501,1501,0	
30740	9	1	1	0	0,0,0,1101,0		
31258	4	1	1	0	0,0,1101,0,0		
31775	9	1	1	0	0,1101,0,0,0		
32200	1	1	1	0	0,0,0,0,0	0,1505,1505,1505,0	
32292	4	1	1	0	0,0,1101,0,0		
32551	9	1	1	0	0,0,1101,0,0		
32809	4	1	1	0	0,0,1101,0,0		
33068	9	1	1	0	0,0,1101,0,0		
33327	4	1	1	0	0,0,1101,0,0		
34361	2	1	1	0	0,1101,0,0,0		
34878	4	1	1	0	0,1101,0,0,0		
35395	9	1	1	0	0,1101,0,0,0		
35913	11	1	1	0	1101,0,0,0,0		
35913	4	1	1	0	0,1101,0,0,0		
35913	10	1	1	0	0,0,1101,0,0		
35913	9	1	1	0	0,0,0,1101,0		
35913	11	1	1	0	0,0,0,0,1101		star