Test							
StartTime	HairColor	AIHairColor	ShockEffect	SoundEffect	Line	Stair	progress
2607	2	1	1	0	1601,0,1101,0,1601		
2807	1	1	1	0	1601,0,0,0,1601		
2969	5	1	1	0	1601,0,1101,0,1601		
3169	1	1	1	0	1601,0,0,0,1601		
3330	9	1	1	0	1601,0,1101,0,1601		
4053	9	1	1	0	0,1101,0,0,1201		
4595	9	1	1	0	1201,0,0,1101,0		
5499	2	1	1	0	0,1101,0,1601,1601		
5699	1	1	1	0	0,0,0,1601,1601		
5860	5	1	1	0	0,1101,0,1601,1601		
6060	1	1	1	0	0,0,0,1601,1601		
6222	9	1	1	0	0,1101,0,1601,1601		
6944	9	1	1	0	0,0,1101,1201,0		
7487	9	1	1	0	1101,0,0,1201,0		
8390	2	1	1	0	0,0,1101,0,0		
8752	2	1	1	0	0,0,1101,0,0		
9113	4	1	1	0	0,0,1101,0,0	0,1501,1501,1501,0	
9475	4	1	1	0	0,0,1101,0,0		
9836	9	1	1	0	0,0,0,1101,0		
10197	9	1	1	0	0,0,0,1101,0		
10559	4	1	1	0	0,0,1101,0,0		
10920	4	1	1	0	0,0,1101,0,0		
11282	6	1	1	0	0,1101,0,0,0	0,1505,1505,1505,0	
11643	6	1	1	0	0,1101,0,0,0		
12005	8	1	1	0	0,0,1101,0,0		star
12366	8	1	1	0	0,0,1101,0,0		
12728	2	1	1	0	0,0,0,1101,0		
13089	2	1	1	0	0,0,0,1101,0		
13450	12	1	1	0	0,0,1101,0,0		
14173	2	1	1	0	0,1101,0,1601,1601		
14373	1	1	1	0	0,0,0,1601,1601		
14535	5	1	1	0	0,1101,0,1601,1601		
14735	1	1	1	0	0,0,0,1601,1601		
14896	9	1	1	0	0,1101,0,1601,1601		
15619	9	1	1	0	1101,0,1201,0,0		
16161	9	1	1	0	1201,0,1101,0,0		
17065	2	1	1	0	1601,1601,0,1101,0		
17265	1	1	1	0	1601,1601,0,0,0		
17426	5	1	1	0	1601,1601,0,1101,0		
17626	1	1	1	0	1601,1601,0,0,0		
17788	9	1	1	0	1601,1601,0,1101,0		
18511	9	1	1	0	0,0,1201,0,1101		
19053	9	1	1	0	0,0,1101,0,1201		
19956	8	1	1	0	0,0,1101,0,0		
20318	8	1	1	0	0,0,1101,0,0		
20600	1	1	1	0	0,0,0,0,0	0,1501,1501,1501,0	
20679	4	1	1	0	0,1101,0,0,0		
21041	4	1	1	0	0,1101,0,0,0		
21402	6	1	1	0	0,0,1101,0,0		
21764	6	1	1	0	0,0,1101,0,0		
22125	3	1	1	0	0,0,0,1101,0		
22487	3	1	1	0	0,0,0,1101,0		
22800	1	1	1	0	0,0,0,0,0	0,1505,1505,1505,0	
22848	2	1	1	0	0,0,1101,0,0		
23209	2	1	1	0	0,0,1101,0,0		
23571	9	1	1	0	0,1101,0,0,0		
23932	9	1	1	0	0,1101,0,0,0		
24294	4	1	1	0	0,0,1101,0,0		star
24655	4	1	1	0	0,0,1101,0,0		
25197	1	1	1	0	0,0,0,0,1805		
25920	1	1	1	0	0,0,0,0,1805		
26462	1	1	1	0	0,0,1301,0,0		
26824	2	1	1	0	0,0,1101,0,0		
27185	4	1	1	0	0,0,1101,0,0		
27547	2	1	1	0	0,0,0,1101,0		
27908	4	1	1	0	0,0,1101,0,0		
28270	2	1	1	0	0,1101,0,0,0		
28631	4	1	1	0	0,0,1101,0,0		
28993	2	1	1	0	0,0,0,1101,0		
29354	4	1	1	0	0,0,1101,0,0		
30077	2	1	1	0	0,1101,0,0,0		
30438	2	1	1	0	0,1101,0,0,0		
30800	2	1	1	0	0,1101,0,0,0		
31161	4	1	1	0	0,0,0,1101,0		
31523	4	1	1	0	0,0,0,1101,0		
31884	4	1	1	0	0,0,0,1101,0		
32246	2	1	1	0	0,0,1101,0,0		
32607	4	1	1	0	0,1101,0,0,0		
32969	9	1	1	0	1101,0,0,0,0		
33330	4	1	1	0	0,1101,0,0,0		
33691	2	1	1	0	0,0,1101,0,0		
34053	4	1	1	0	0,0,0,1101,0		
34414	9	1	1	0	0,0,0,0,1101		
34776	4	1	1	0	0,0,0,1101,0		
35137	2	1	1	0	0,0,1101,0,0		
35499	4	1	1	0	0,1101,0,0,0		
35860	9	1	1	0	1101,0,0,0,0		
36222	1	1	1	0	0,0,1302,0,0		
37667	12	1	1	0	1101,0,0,0,0		
37667	4	1	1	0	0,1101,0,0,0		
37667	10	1	1	0	0,0,1101,0,0		
37667	4	1	1	0	0,0,0,1101,0		
37667	12	1	1	0	0,0,0,0,1101		star