Test							
StartTime	HairColor	AIHairColor	ShockEffect	SoundEffect	Line	Stair	progress
510	4	1	1	0	0,0,1101,0,1601		
710	1	1	1	0	0,0,0,0,1601		
910	1	1	1	0	0,0,0,0,1601		
1110	1	1	1	0	0,0,0,0,1601		
1162	6	1	1	0	0,0,1101,0,1601		
1814	4	1	1	0	1101,0,1201,0,0		
2466	6	1	1	0	1201,0,1101,0,0		
3118	6	1	1	0	0,1101,0,1601,1601		
3318	1	1	1	0	0,0,0,1601,1601		
3518	1	1	1	0	0,0,0,1601,1601		
3718	1	1	1	0	0,0,0,1601,1601		
3770	8	1	1	0	0,1101,0,1601,1601		
4423	6	1	1	0	0,1201,0,1101,0		
5075	8	1	1	0	0,1101,0,1201,0		
5727	4	1	1	0	1601,1601,0,1101,0		
5927	1	1	1	0	1601,1601,0,0,0		
6127	1	1	1	0	1601,1601,0,0,0		
6327	1	1	1	0	1601,1601,0,0,0		
6379	8	1	1	0	1601,1601,0,1101,0		
7031	4	1	1	0	0,1101,0,1201,0		star
7683	8	1	1	0	0,1201,0,1101,0		
8336	1	1	1	0	0,0,1401,0,0		
8662	4	1	1	0	0,1101,1101,0,0		
8988	8	1	1	0	0,0,1101,1101,0		
9314	4	1	1	0	1101,1101,0,0,0		
9640	8	1	1	0	0,0,0,1101,1101		
10292	12	1	1	0	0,1101,0,1202,0		
10944	12	1	1	0	0,1202,0,1101,0		
11596	4	1	1	0	0,1101,0,1601,1601		
11796	1	1	1	0	0,0,0,1601,1601		
11923	4	1	1	0	0,1101,0,1601,1601		
12249	8	1	1	0	1101,0,0,1202,0		
12901	8	1	1	0	0,0,1101,0,0		
13553	9	1	1	0	1601,1601,0,1101,0		
13753	1	1	1	0	1601,1601,0,0,0		
13879	9	1	1	0	1601,1601,0,1101,0		
14079	1	1	1	0	1601,1601,0,0,0		star
14205	9	1	1	0	1601,1601,0,1101,0		
14857	4	1	1	0	0,0,1101,0,0		
15509	4	1	1	0	0,1202,0,0,1101		
16162	2	1	1	0	0,1101,0,1601,1601		
16362	1	1	1	0	0,0,0,1601,1601		
16562	1	1	1	0	0,0,0,1601,1601		
16762	1	1	1	0	0,0,0,1601,1601		
16814	2	1	1	0	0,1101,0,1601,1601		
17466	9	1	1	0	0,0,1101,0,0		
18118	9	1	1	0	1101,0,0,0,0		
18600	1	1	1	0	0,0,0,0,0	0,0,1501,0,0	
18770	2	1	1	0	1601,0,1101,0,1601		
18970	1	1	1	0	1601,0,0,0,1601		
19096	5	1	1	0	1601,0,1101,0,1601		
19296	1	1	1	0	1601,0,0,0,1601		
19400	1	1	1	0	1601,0,0,0,1601	0,0,1505,0,0	
19423	2	1	1	0	1601,0,1101,0,1601		
19623	1	1	1	0	1601,0,0,0,1601		
19749	5	1	1	0	1601,0,1101,0,1601		
19949	1	1	1	0	1601,0,0,0,1601		
20075	2	1	1	0	1601,0,1101,0,1601		
20727	9	1	1	0	0,0,0,1101,0		
21379	4	1	1	0	1101,0,0,0,0		
21379	9	1	1	0	0,1101,0,0,0		
21379	11	1	1	0	0,0,1101,0,0		
21379	6	1	1	0	0,0,0,1101,0		
21379	8	1	1	0	0,0,0,0,1101		star
