Test							
StartTime	HairColor	AIHairColor	ShockEffect	SoundEffect	Line	Stair	progress
920	4	1	1	0	0,0,1101,0,0		
1400	9	1	1	0	0,1101,0,0,0		
1880	4	1	1	0	0,0,1101,0,0		
2360	9	1	1	0	0,1101,0,0,0		
3200	1	1	1	0	0,0,0,0,0	1501,1501,1501,0,0	
3320	4	1	1	0	0,0,1101,1601,0		
3520	1	1	1	0	0,0,0,1601,0		
3720	1	1	1	0	0,0,0,1601,0		
3800	4	1	1	0	0,1101,0,1601,0		
4000	1	1	1	0	0,0,0,1601,0		
4200	1	1	1	0	0,0,0,1601,0	1505,1505,1505,0,0	
4280	4	1	1	0	1101,0,0,1601,0		
4480	1	1	1	0	0,0,0,1601,0		
4680	1	1	1	0	0,0,0,1601,0		
4760	9	1	1	0	0,1101,0,1601,0		
4960	1	1	1	0	0,0,0,1601,0		
5000	9	1	1	0	0,1101,0,1601,0		
5200	1	1	1	0	0,0,0,1601,0		
5240	9	1	1	0	0,1101,0,1601,0		
5720	2	1	1	0	1601,0,1101,0,1201		
5920	1	1	1	0	1601,0,0,0,0		
6120	1	1	1	0	1601,0,0,0,0		
6200	9	1	1	0	1601,0,0,1101,0		
6400	1	1	1	0	1601,0,0,0,0		
6600	1	1	1	0	1601,0,0,0,0		
6680	2	1	1	0	1601,0,1101,0,1201		
6880	1	1	1	0	1601,0,0,0,0		
7080	1	1	1	0	1601,0,0,0,0		
7160	9	1	1	0	1601,0,0,1101,0		
7360	1	1	1	0	1601,0,0,0,0		
7560	1	1	1	0	1601,0,0,0,0		
7640	4	1	1	0	1601,0,1201,0,1101		
7840	1	1	1	0	1601,0,0,0,0		
8040	1	1	1	0	1601,0,0,0,0		
8120	9	1	1	0	1601,0,0,1101,0		
8320	1	1	1	0	1601,0,0,0,0		
8520	1	1	1	0	1601,0,0,0,0		
8600	4	1	1	0	1601,0,1201,0,1101		
8800	1	1	1	0	1601,0,0,0,0		
9000	1	1	1	0	1601,0,0,0,0		star
9080	9	1	1	0	1601,0,0,1101,0		
9400	1	1	1	0	0,0,0,0,0	1501,1501,1501,0,0	
9560	2	1	1	0	0,0,1101,0,0		
10040	4	1	1	0	1201,0,1101,0,1201		
10520	1	1	1	0	0,0,1401,0,0		
11000	2	1	1	0	0,1101,1101,0,0		
11240	4	1	1	0	1101,1101,0,0,0		
11480	2	1	1	0	0,0,1101,1101,0		
11600	1	1	1	0	0,0,0,0,0	1505,1505,1505,0,0	
11720	9	1	1	0	0,0,0,1101,1101		
11960	2	1	1	0	0,1101,1101,0,0		
12200	4	1	1	0	1101,1101,0,0,0		
12440	10	1	1	0	0,1101,1101,1101,0		
12920	10	1	1	0	0,1101,1101,1101,0		
13400	2	1	1	0	0,0,1101,0,0		
13880	2	1	1	0	0,1201,0,1101,0		
14360	9	1	1	0	0,0,0,1101,0		
14840	9	1	1	0	0,0,1101,0,1201		
15320	2	1	1	0	0,0,1101,0,0		
15800	2	1	1	0	0,1101,0,1201,0		
16280	9	1	1	0	0,1101,0,0,0		
16760	9	1	1	0	1201,0,1101,0,0		
17240	2	1	1	0	0,0,0,1101,0		
17720	2	1	1	0	0,0,0,1101,0		
18680	4	1	1	0	0,1101,0,1601,1601		star
18880	1	1	1	0	0,0,0,1601,1601		
19080	1	1	1	0	0,0,0,1601,1601		
19160	9	1	1	0	0,1101,0,1601,1601		
19360	1	1	1	0	0,0,0,1601,1601		
19560	1	1	1	0	0,0,0,1601,1601		
19640	4	1	1	0	0,1101,0,1601,1601		
19840	1	1	1	0	0,0,0,1601,1601		
20040	1	1	1	0	0,0,0,1601,1601		
20120	9	1	1	0	0,1101,0,1601,1601		
20320	1	1	1	0	0,0,0,1601,1601		
20520	1	1	1	0	0,0,0,1601,1601		
20600	4	1	1	0	0,1101,0,1601,1601		
21080	1	1	1	0	0,0,1301,0,0		
21560	2	1	1	0	0,0,1101,0,0		
22040	4	1	1	0	0,1101,0,0,0		
22520	9	1	1	0	0,0,0,1101,0		
23000	4	1	1	0	0,1101,0,0,0		
23480	9	1	1	0	0,0,0,1101,0		
23960	2	1	1	0	0,0,1101,0,0		
24920	1	1	1	0	0,0,1302,0,0		
25400	4	1	1	0	0,0,1101,0,0		
25880	9	1	1	0	0,0,1101,0,0		
26360	4	1	1	0	0,1101,0,1601,1601		
26560	1	1	1	0	0,0,0,1601,1601		
26600	9	1	1	0	0,1101,0,1601,1601		
26800	1	1	1	0	0,0,0,1601,1601		
26840	4	1	1	0	0,1101,0,1601,1601		
27320	4	1	1	0	0,0,1101,0,0		
27800	9	1	1	0	0,0,1101,0,0		
28280	9	1	1	0	1101,0,0,0,0		
28280	4	1	1	0	0,1101,0,0,0		
28280	10	1	1	0	0,0,1101,0,0		
28280	2	1	1	0	0,0,0,1101,0		
28280	9	1	1	0	0,0,0,0,1101		star