Test								
StartTime	HairColor	AIHairColor	ShockEffect	SoundEffect	Line	Stair	movable	progress
1170	2	1	1	0	0,0,1101,0,0			
1482	2	1	1	0	0,0,1101,0,0			
1795	2	1	1	0	0,1101,0,0,1201			
2420	2	1	1	0	1201,0,0,1101,0			
3045	4	1	1	0	0,0,1101,0,0			
3670	4	1	1	0	0,1101,0,1201,0			
4200	1	1	1	0	0,0,1601,1601,1601			
4295	9	1	1	0	1101,0,0,0,0			
4400	1	1	1	0	0,0,1601,1601,1601			
4600	1	1	1	0	0,0,1601,1601,1601			
4607	9	1	1	0	1101,0,0,0,0			
5545	2	1	1	0	0,0,1101,0,0			
6170	2	1	1	0	0,1201,0,1101,0			
6600	1	1	1	0	1601,1601,1601,0,0			
6795	9	1	1	0	0,0,0,0,1101			
6800	1	1	1	0	1601,1601,1601,1601,0			
7000	1	1	1	0	1601,1601,1601,1601,0			
7107	9	1	1	0	0,0,0,0,1101			
7200	1	1	1	0	1601,1601,1601,1601,0			
7400	1	1	1	0	1601,1601,1601,0,0			
7420	9	1	1	0	0,0,0,0,1101			
8045	4	1	1	0	0,1202,0,1101,0			
8670	4	1	1	0	0,1202,0,1101,0			
9295	9	1	1	0	0,0,1101,0,0			
9607	9	1	1	0	0,0,1101,0,0			
10232	10	1	1	0	0,1101,0,1202,0			
10857	2	1	1	0	1101,0,0,0,0			
11170	9	1	1	0	1101,0,1202,0,0			
11482	2	1	1	0	1101,0,0,0,0			
11795	9	1	1	0	1101,0,1202,0,0			
12420	2	1	1	0	1101,0,0,0,0			
13000	1	1	1	0	1601,0,0,0,1601			
13045	4	1	1	0	0,1101,0,0,0			
13200	1	1	1	0	1601,0,0,0,1601			
13400	1	1	1	0	1601,0,0,0,1601			
13600	1	1	1	0	1601,0,0,0,1601			
13670	4	1	1	0	0,0,1101,0,0			
13800	1	1	1	0	1601,0,0,0,1601			
14000	1	1	1	0	1601,0,0,0,1601			star
14200	1	1	1	0	1601,0,0,0,1601			
14295	4	1	1	0	0,0,0,1101,0			
14400	1	1	1	0	1601,0,0,0,1601			
14600	1	1	1	0	1601,0,0,0,1601			
14800	1	1	1	0	1601,0,0,0,1601			
14920	4	1	1	0	0,0,1101,0,0			
15000	1	1	1	0	1601,0,0,0,1601			
15200	1	1	1	0	1601,1601,0,1601,1601			
15400	1	1	1	0	1601,1601,0,1601,1601			
15600	1	1	1	0	1601,1601,0,1601,1601			
15800	1	1	1	0	1601,1601,0,1601,1601			
15857	9	1	1	0	0,0,1101,0,0			
16000	1	1	1	0	1601,1601,0,1601,1601			
16170	9	1	1	0	0,0,1101,0,0			
16795	9	1	1	0	0,1101,0,0,0			
17420	9	1	1	0	0,0,0,1101,0			
18045	2	1	1	0	0,0,1101,0,0			
18357	2	1	1	0	0,1101,0,0,0			
18670	2	1	1	0	0,1101,0,1202,0			
19295	2	1	1	0	0,1101,0,1202,0			
19920	2	1	1	0	0,1101,0,0,0			
20545	9	1	1	0	0,1202,0,1101,0			
20857	9	1	1	0	0,0,0,1101,0			
21170	9	1	1	0	0,1202,0,1101,0			
21795	2	1	1	0	0,1101,0,0,0			
22420	9	1	1	0	0,0,0,1101,0			
23045	1	1	1	0	0,0,1301,0,0			
23670	8	1	1	0	0,0,1101,0,0			
24295	4	1	1	0	0,0,0,1101,0			
24607	8	1	1	0	0,0,1101,0,0			
24920	4	1	1	0	0,1101,0,0,0			
25545	4	1	1	0	0,1101,0,0,0			
26170	4	1	1	0	0,0,0,1101,0			
26795	9	1	1	0	0,0,0,0,1101			
27107	9	1	1	0	0,0,1204,0,1101			
27420	9	1	1	0	0,0,0,0,1101			
28045	2	1	1	0	0,0,0,1101,0			star
28670	2	1	1	0	0,0,1101,0,0			
29295	2	1	1	0	0,1101,0,0,0			
29607	4	1	1	0	0,1101,0,1205,0			
29920	9	1	1	0	0,1101,0,0,0			
30545	8	1	1	0	1101,0,0,0,0			
31170	8	1	1	0	1101,0,0,0,0			
31795	6	1	1	0	0,1101,0,0,0			
32107	8	1	1	0	0,0,1101,0,0			
32420	6	1	1	0	0,0,0,1101,0			
33045	1	1	1	0	0,0,1302,0,0			
33670	4	1	1	0	0,1101,0,0,0			
34295	4	1	1	0	0,1101,0,1202,0			
34920	8	1	1	0	0,0,1101,0,0			
35545	8	1	1	0	0,0,0,1101,0			
36000	1	1	1	0	0,0,0,0,0		0,1701,1701,0,0	
36170	6	1	1	0	0,0,1101,0,0			
36200	1	1	1	0	0,0,0,0,0		0,1701,1701,0,0	
36400	1	1	1	0	0,0,0,0,0		0,1701,1701,0,0	
36600	1	1	1	0	0,0,0,0,0		0,1701,1701,0,0	
36795	6	1	1	0	0,0,1101,0,0			
36800	1	1	1	0	0,0,0,0,0		0,1701,1701,0,0	
37000	1	1	1	0	0,0,0,0,0		0,1701,1701,0,0	
37200	1	1	1	0	0,0,0,0,0		0,1701,1701,0,0	
37400	1	1	1	0	0,0,0,0,0		0,1701,1701,0,0	
37420	6	1	1	0	0,0,1101,0,0			
37600	1	1	1	0	0,0,0,0,0		0,1701,1701,0,0	
38045	1	1	1	0	0,0,0,1401,0			
38670	1	1	1	0	0,0,1101,1101,0			
38982	2	1	1	0	0,1101,1101,0,0			
39295	3	1	1	0	1101,1101,0,1202,0			
39607	4	1	1	0	0,1101,1101,0,0			
39920	5	1	1	0	0,0,1101,1101,0			
40232	6	1	1	0	0,1202,0,1101,1101			
40545	8	1	1	0	0,0,1101,1101,0			
40857	9	1	1	0	0,1101,1101,0,0			
41482	11	1	1	0	0,0,1101,0,0			
42732	11	1	1	0	1101,1101,1101,1101,1101			star