Test							
StartTime	HairColor	AIHairColor	ShockEffect	SoundEffect	Line	Stair	progress
1810	4	1	1	0	0,0,1101,0,0		
2278	8	1	1	0	1101,0,0,1202,0		
2746	4	1	1	0	0,0,1101,0,0		
3683	9	1	1	0	0,0,1101,0,0		
4152	8	1	1	0	0,1202,0,0,1101		
4620	9	1	1	0	0,0,1101,0,0		
5557	1	1	1	0	0,0,1301,0,0		
6025	4	1	1	0	0,0,1101,0,0		
6493	4	1	1	0	0,0,1101,0,0		
6728	9	1	1	0	0,1101,0,0,0		
6962	8	1	1	0	0,0,1101,0,0		
7196	9	1	1	0	0,0,0,1101,0		
7430	4	1	1	0	0,0,1101,0,0		
7664	8	1	1	0	0,1101,0,0,0		
7899	9	1	1	0	0,0,1101,0,0		
8133	8	1	1	0	0,0,0,1101,0		
8367	1	1	1	0	0,0,1302,0,0		
9304	4	1	1	0	1601,1601,1601,1101,0		
9504	1	1	1	0	1601,1601,1601,0,0		
9704	1	1	1	0	1601,1601,1601,0,0		
9772	4	1	1	0	1601,1601,1601,1101,0		
9972	1	1	1	0	1601,1601,1601,0,0		
10172	1	1	1	0	1601,1601,1601,0,0		star
10241	4	1	1	0	1601,1601,1601,1101,0		
11177	9	1	1	0	0,1101,1601,1601,1601		
11377	1	1	1	0	0,0,1601,1601,1601		
11577	1	1	1	0	0,0,1601,1601,1601		
11646	9	1	1	0	0,1101,1601,1601,1601		
11846	1	1	1	0	0,0,1601,1601,1601		
12046	1	1	1	0	0,0,1601,1601,1601		
12114	9	1	1	0	0,1101,1601,1601,1601		
13051	4	1	1	0	0,0,1101,0,0		
13519	1	1	1	0	0,0,1401,0,0		
13988	2	1	1	0	0,0,1101,1101,0		
14222	8	1	1	0	0,1101,1101,0,0		
14456	2	1	1	0	1101,1101,0,0,1201		
14690	8	1	1	0	0,1101,1101,0,0		
14924	2	1	1	0	0,0,1101,1101,0		
15159	8	1	1	0	1201,0,0,1101,1101		
15393	2	1	1	0	0,0,1101,1101,0		
15627	8	1	1	0	0,1101,1101,0,0		
15861	2	1	1	0	0,0,1101,1101,0		
16330	8	1	1	0	0,1101,1101,0,0		
16798	11	1	1	0	0,1101,1101,1101,0		
17600	1	1	1	0	0,0,0,0,0	0,0,1501,1501,1501	
17735	2	1	1	0	0,1601,0,1101,0		
17935	1	1	1	0	0,1601,0,0,0		
18135	1	1	1	0	0,1601,0,0,0		
18203	2	1	1	0	0,1601,0,1101,0		
18403	1	1	1	0	0,1601,0,0,0		
18603	1	1	1	0	0,1601,0,0,0		
18671	2	1	1	0	0,1601,0,0,1101		
18871	1	1	1	0	0,1601,0,0,0		
18906	2	1	1	0	0,1601,0,0,1101		
19106	1	1	1	0	0,1601,0,0,0		
19200	1	1	1	0	0,0,0,0,0	0,0,1505,1505,1505	
19306	1	1	1	0	0,1601,0,0,0		
19374	2	1	1	0	0,1601,0,1101,0		
19574	1	1	1	0	0,1601,0,0,0		
19774	1	1	1	0	0,1601,0,0,0		
19974	1	1	1	0	0,1601,0,0,0		
20077	9	1	1	0	0,1601,1101,0,0		
20277	1	1	1	0	0,1601,0,0,0		
20477	1	1	1	0	0,1601,0,0,0		star
20545	9	1	1	0	0,1601,0,1101,0		
20745	1	1	1	0	0,1601,0,0,0		
20945	1	1	1	0	0,1601,0,0,0		
21013	9	1	1	0	0,1601,1101,0,0		
21400	1	1	1	0	0,0,0,0,0	1501,1501,1501,0,0	
21482	2	1	1	0	0,1101,0,1601,0		
21682	1	1	1	0	0,0,0,1601,0		
21882	1	1	1	0	0,0,0,1601,0		
21950	2	1	1	0	0,1101,0,1601,0		
22150	1	1	1	0	0,0,0,1601,0		
22350	1	1	1	0	0,0,0,1601,0		
22400	1	1	1	0	0,0,0,0,0	1505,1505,1505,0,0	
22419	2	1	1	0	1101,0,0,1601,0		
22619	1	1	1	0	0,0,0,1601,0		
22653	2	1	1	0	1101,0,0,1601,0		
22853	1	1	1	0	0,0,0,1601,0		
23053	1	1	1	0	0,0,0,1601,0		
23121	2	1	1	0	0,1101,0,1601,0		
24292	4	1	1	0	0,0,1101,0,0		
24760	4	1	1	0	0,0,1101,0,0		
25229	4	1	1	0	0,1202,0,1101,0		
25697	4	1	1	0	0,0,0,1101,0		
26166	4	1	1	0	0,0,1101,0,0		
26400	4	1	1	0	0,0,1101,0,0		
26868	4	1	1	0	1601,1101,1601,1601,1601		
27068	1	1	1	0	1601,0,1601,1601,1601		
27268	1	1	1	0	1601,0,1601,1601,1601		
27468	1	1	1	0	1601,0,1601,1601,1601		
27571	4	1	1	0	1601,1101,1601,1601,1601		
28039	1	1	1	0	0,0,0,0,1805		
28058	1	1	1	0	0,0,0,0,1805		
28976	9	1	1	0	0,0,0,1101,0		
29444	9	1	1	0	0,0,0,1101,0		
29913	9	1	1	0	0,0,0,0,1101		
30147	9	1	1	0	0,0,0,0,1101		
30615	11	1	1	0	0,0,1101,0,0		
30615	2	1	1	0	1101,0,0,0,0		
30615	4	1	1	0	0,1101,0,0,0		
30615	9	1	1	0	0,0,0,1101,0		
30615	6	1	1	0	0,0,0,0,1101		star