Test								
StartTime	HairColor	AIHairColor	ShockEffect	SoundEffect	Line	Stair	movable	progress
2024	8	1	1	0	0,0,1101,0,0			
2960	8	1	1	0	0,0,1101,0,0			
3428	8	1	1	0	0,0,1101,0,0			
3800	1	1	1	0	1601,1601,0,0,0			
3897	4	1	1	0	0,0,0,1101,0			
4000	1	1	1	0	1601,1601,0,0,0			
4200	1	1	1	0	1601,1601,0,0,0			
4365	4	1	1	0	0,0,0,0,1101			
4400	1	1	1	0	1601,1601,0,0,0			
4600	1	1	1	0	1601,1601,0,0,0			
4800	1	1	1	0	1601,1601,0,0,0			
4833	4	1	1	0	0,0,0,1101,0			
5000	1	1	1	0	1601,1601,0,0,0			
5200	1	1	1	0	1601,1601,0,0,0			
5301	8	1	1	0	0,0,0,0,1101			
5400	1	1	1	0	1601,1601,0,0,0			
5535	8	1	1	0	0,0,0,0,1101			
5600	1	1	1	0	1601,1601,0,0,0			
5769	8	1	1	0	0,0,0,0,1101			
6237	8	1	1	0	0,0,0,1101,0			
6705	8	1	1	0	0,0,1101,0,0			
7173	6	1	1	0	0,1101,0,0,0			
7407	6	1	1	0	0,1101,0,1202,0			
7641	6	1	1	0	0,1101,0,0,0			
8109	6	1	1	0	1101,0,0,0,0			
8577	6	1	1	0	0,1101,0,0,0			
9045	6	1	1	0	0,0,1101,0,0			
9400	1	1	1	0	0,0,0,0,0		0,1701,1701,1701,0	
9513	8	1	1	0	0,0,0,1101,0			
9600	1	1	1	0	0,0,0,0,0		0,1701,1701,1701,0	
9747	8	1	1	0	0,0,0,1101,0			
9800	1	1	1	0	0,0,0,0,0		0,1701,1701,1701,0	
9981	8	1	1	0	0,0,0,1101,0			
10000	1	1	1	0	0,0,0,0,0		0,1701,1701,1701,0	
10200	1	1	1	0	0,0,0,0,0		0,1701,1701,1701,0	
10400	1	1	1	0	0,0,0,0,0		0,1701,1701,1701,0	
10449	6	1	1	0	0,1101,0,0,0			
10600	1	1	1	0	0,0,0,0,0		0,1701,1701,1701,0	
10683	6	1	1	0	0,1101,0,0,0			
10800	1	1	1	0	0,0,0,0,0		0,1701,1701,1701,0	
10917	6	1	1	0	0,1101,0,0,0			
11000	1	1	1	0	0,0,0,0,0		0,1701,1701,1701,0	star
11385	2	1	1	0	0,1101,0,0,0			
11853	2	1	1	0	1101,0,0,0,0			
12321	2	1	1	0	0,1101,0,1202,0			
12789	5	1	1	0	1101,0,0,0,0			
13023	5	1	1	0	1101,0,1202,0,0			
13257	5	1	1	0	1101,0,0,0,0			
13725	5	1	1	0	0,1101,0,0,0			
14193	5	1	1	0	0,0,1101,0,0			
14661	9	1	1	0	0,0,0,1101,0			
14895	9	1	1	0	0,1202,0,1101,0			
15129	9	1	1	0	0,0,0,1101,0			
15597	9	1	1	0	0,0,0,0,1101			
16065	9	1	1	0	0,0,0,1101,0			
16533	9	1	1	0	0,0,1101,0,0			
16800	1	1	1	0	0,0,0,1601,1601			
17000	1	1	1	0	0,0,0,1601,1601			
17001	5	1	1	0	0,1101,0,0,0			
17200	1	1	1	0	0,0,0,1601,1601			
17235	5	1	1	0	0,1101,0,0,0			
17400	1	1	1	0	0,0,0,1601,1601			
17469	5	1	1	0	0,1101,0,0,0			
17800	1	1	1	0	1601,1601,0,0,0			
17937	9	1	1	0	0,0,0,1101,0			
18000	1	1	1	0	1601,1601,0,0,0			
18171	9	1	1	0	0,0,0,1101,0			
18200	1	1	1	0	1601,1601,0,0,0			
18400	1	1	1	0	1601,1601,0,0,0			
18405	9	1	1	0	0,0,0,1101,0			
18873	1	1	1	0	0,0,1301,0,0			
19341	9	1	1	0	0,0,1101,0,0			
19809	9	1	1	0	0,0,1101,0,0			
20277	4	1	1	0	0,0,0,1101,0			
20511	4	1	1	0	0,0,1101,0,0			
20745	4	1	1	0	0,1101,0,1205,0			
21213	4	1	1	0	0,1101,0,0,0			
21681	4	1	1	0	0,1101,0,0,0			star
22149	2	1	1	0	0,1101,0,0,0			
22383	2	1	1	0	0,0,1101,0,0			
22617	2	1	1	0	0,1204,0,1101,0			
23085	2	1	1	0	0,0,0,1101,0			
23553	2	1	1	0	0,0,0,1101,0			
24021	2	1	1	0	0,0,0,1101,0			
24489	9	1	1	0	0,1101,0,0,0			
24723	9	1	1	0	0,1101,0,1205,0			
24957	9	1	1	0	0,1101,0,0,0			
25425	2	1	1	0	0,0,0,1101,0			
25659	2	1	1	0	0,1204,0,1101,0			
25893	2	1	1	0	0,0,0,1101,0			
26361	1	1	1	0	0,0,1302,0,0			
26829	9	1	1	0	0,0,1101,0,0			
27297	9	1	1	0	0,0,1101,0,0			
27765	4	1	1	0	0,1101,0,1202,0			
27999	4	1	1	0	0,1101,0,0,0			
28233	4	1	1	0	0,1101,0,1202,0			
28701	4	1	1	0	0,0,1101,0,0			
29170	4	1	1	0	0,0,0,1101,0			
29638	2	1	1	0	0,0,1202,0,1101			
29872	2	1	1	0	0,0,0,0,1101			
30106	2	1	1	0	0,0,1202,0,1101			
30574	2	1	1	0	0,0,0,1101,0			
31042	2	1	1	0	0,0,1101,0,0			
31510	2	1	1	0	0,1101,0,0,0			
31800	1	1	1	0	1601,1601,0,0,1601			
31978	2	1	1	0	0,0,0,1101,0			
32000	1	1	1	0	1601,1601,0,0,1601			
32200	1	1	1	0	1601,1601,0,0,1601			
32212	5	1	1	0	0,0,0,1101,0			
32400	1	1	1	0	1601,1601,0,0,1601			
32446	2	1	1	0	0,0,0,1101,0			
32600	1	1	1	0	1601,0,0,0,1601			
32800	1	1	1	0	1601,0,0,1601,1601			
32914	4	1	1	0	0,1101,0,0,0			
33000	1	1	1	0	1601,0,0,1601,1601			
33148	8	1	1	0	0,1101,0,0,0			
33200	1	1	1	0	1601,0,0,1601,1601			
33382	4	1	1	0	0,1101,0,0,0			
33400	1	1	1	0	1601,0,0,1601,1601			
33850	2	1	1	0	0,0,1101,0,0			
33850	5	1	1	0	1101,0,0,0,0			
33850	10	1	1	0	0,1101,0,0,0			
33850	4	1	1	0	0,0,0,1101,0			
33850	8	1	1	0	0,0,0,0,1101			star