Test							
StartTime	HairColor	AIHairColor	ShockEffect	SoundEffect	Line	Stair	progress
1656	10	1	1	0	0,0,1101,0,0		
2031	10	1	1	0	0,0,1101,0,0		
2406	10	1	1	0	0,0,1101,0,0		
3000	1	1	1	0	0,0,0,0,0	0,1501,1501,1501,0	
3156	2	1	1	0	0,1101,0,0,0		
3530	2	1	1	0	0,1101,0,1201,0		
3905	4	1	1	0	0,0,1101,0,0		
4280	4	1	1	0	0,0,1101,0,0		
4655	8	1	1	0	0,0,0,1101,0		
5029	8	1	1	0	0,1201,0,1101,0		
5400	1	1	1	0	0,0,0,0,0	0,1503,1503,1503,0	
5404	8	1	1	0	0,0,0,1101,0		
6000	1	1	1	0	0,0,0,0,0	0,1502,1502,1502,0	
6154	2	1	1	0	0,0,0,1101,0		
6528	2	1	1	0	0,1201,0,1101,0		
6903	4	1	1	0	0,0,1101,0,0		
7278	4	1	1	0	0,0,1101,0,0		
7653	9	1	1	0	0,1101,0,0,0		
8027	9	1	1	0	0,1101,0,1201,0		
8400	1	1	1	0	0,0,0,0,0	0,1503,1503,1503,0	
8402	9	1	1	0	0,1101,0,0,0		
9000	1	1	1	0	0,0,0,0,0	0,1505,1505,1505,0	
9152	8	1	1	0	0,0,0,1101,0		
9527	8	1	1	0	0,0,0,1101,0		
9901	4	1	1	0	0,0,1101,0,0		
10276	4	1	1	0	0,0,1101,0,0		star
10651	2	1	1	0	0,1101,0,0,0		
11026	2	1	1	0	0,1101,0,0,0		
11400	2	1	1	0	0,1101,0,0,0		
12150	9	1	1	0	0,0,1101,0,0		
12525	9	1	1	0	0,0,1101,0,0		
12899	4	1	1	0	0,0,0,1101,0		
13274	4	1	1	0	0,0,0,1101,0		
13649	2	1	1	0	0,1101,0,0,0		
14024	2	1	1	0	0,1101,0,0,0		
14398	2	1	1	0	0,1101,0,0,0		
15148	1	1	1	0	0,0,1301,0,0		
15523	3	1	1	0	0,0,1101,0,0		
15898	6	1	1	0	0,1101,0,0,0		
16272	6	1	1	0	0,1101,0,0,0		
16647	8	1	1	0	1101,0,0,0,0		
17022	8	1	1	0	1101,0,0,0,0		
17397	8	1	1	0	1101,0,0,0,0		
18146	2	1	1	0	0,0,1101,0,0		
18521	2	1	1	0	0,0,1101,0,0		
18896	4	1	1	0	0,0,0,1101,0		
19270	4	1	1	0	0,0,0,1101,0		
19645	9	1	1	0	0,0,0,0,1101		
20020	9	1	1	0	0,0,0,0,1101		
20395	1	1	1	0	0,0,1302,0,0		
21144	2	1	1	0	0,1101,0,1601,1601		
21344	1	1	1	0	0,0,0,1601,1601		
21519	2	1	1	0	1101,0,0,1601,1601		
21719	1	1	1	0	0,0,0,1601,1601		
21894	2	1	1	0	0,1101,0,1601,1601		star
22094	1	1	1	0	0,0,0,1601,1601		
22269	2	1	1	0	1101,0,0,1601,1601		
22469	1	1	1	0	0,0,0,1601,1601		
22643	2	1	1	0	0,1101,0,1601,1601		
23018	2	1	1	0	0,0,1101,0,0		
23393	2	1	1	0	0,0,0,1101,0		
24142	8	1	1	0	1601,1601,0,1101,0		
24342	1	1	1	0	1601,1601,0,0,0		
24517	8	1	1	0	1601,1601,0,0,1101		
24717	1	1	1	0	1601,1601,0,0,0		
24892	8	1	1	0	1601,1601,0,1101,0		
25092	1	1	1	0	1601,1601,0,0,0		
25267	8	1	1	0	1601,1601,0,0,1101		
25467	1	1	1	0	1601,1601,0,0,0		
25641	8	1	1	0	1601,1601,0,1101,0		
26016	8	1	1	0	0,0,1101,0,0		
26391	8	1	1	0	0,1101,0,0,0		
27141	1	1	1	0	0,0,1401,0,0		
27515	10	1	1	0	0,0,1101,0,0		
27890	4	1	1	0	0,1101,1101,0,0		
28077	8	1	1	0	1101,1101,0,1201,0		
28265	9	1	1	0	0,0,1101,1101,0		
28452	6	1	1	0	0,1201,0,1101,1101		
28640	9	1	1	0	1101,1101,0,0,0		
29014	4	1	1	0	0,0,0,1101,1101		
29389	8	1	1	0	0,1101,1101,1101,0		
29576	10	1	1	0	0,0,1101,0,0		
30139	4	1	1	0	0,1202,0,1101,0		
30513	4	1	1	0	0,0,0,1101,0		
30888	9	1	1	0	1601,1101,0,1601,1601		
31076	4	1	1	0	1601,1101,0,1601,1601		
31263	9	1	1	0	1601,1101,0,1601,1601		
31450	4	1	1	0	1601,1101,0,1601,1601		
31638	9	1	1	0	1601,1101,0,1601,1601		
32012	10	1	1	0	0,0,1101,0,0		
32387	10	1	1	0	0,0,1101,0,0		
32575	12	1	1	0	0,0,1101,0,0		
32575	4	1	1	0	1101,0,0,0,0		
32575	8	1	1	0	0,1101,0,0,0		
32575	8	1	1	0	0,0,0,1101,0		
32575	6	1	1	0	0,0,0,0,1101		star