Test							
StartTime	HairColor	AIHairColor	ShockEffect	SoundEffect	Line	Stair	progress
1408	10	1	1	0	0,0,1101,0,0		
2608	4	1	1	0	0,0,0,1101,0		
3008	8	1	1	0	0,0,0,1101,0		
3800	1	1	1	0	0,0,0,0,0	0,0,1501,1501,1501	
3808	4	1	1	0	0,0,0,0,1101		
4008	4	1	1	0	0,0,0,0,1101		
4208	4	1	1	0	0,0,0,0,1101		
4600	1	1	1	0	0,0,0,0,0	0,0,1505,1505,1505	
4608	8	1	1	0	0,0,1101,0,0		
4808	8	1	1	0	0,0,1101,0,0		
5008	8	1	1	0	0,0,1101,0,0		
5208	8	1	1	0	0,0,1101,0,0		
5408	8	1	1	0	0,0,1101,0,0		
6208	2	1	1	0	0,1101,0,0,0		
7000	1	1	1	0	0,0,0,0,0	1501,1501,1501,0,0	
7008	9	1	1	0	1101,0,0,0,0		
7208	9	1	1	0	1101,0,0,0,0		
7408	9	1	1	0	1101,0,0,0,0		
7800	1	1	1	0	0,0,0,0,0	1505,1505,1505,0,0	
7808	2	1	1	0	0,0,1101,0,0		
8008	2	1	1	0	0,0,1101,0,0		
8208	2	1	1	0	0,0,1101,0,0		
8408	2	1	1	0	0,0,1101,0,0		
8608	2	1	1	0	0,0,1101,0,0		
9408	1	1	1	0	0,0,1301,0,0		star
10208	4	1	1	0	0,1101,0,0,0		
10608	4	1	1	0	0,0,0,1101,0		
11008	4	1	1	0	0,0,1101,0,0		
11808	9	1	1	0	0,0,0,1101,0		
12208	9	1	1	0	0,1101,0,0,0		
12608	9	1	1	0	0,0,1101,0,0		
13408	5	1	1	0	0,0,0,1101,0		
13808	5	1	1	0	0,1101,0,0,0		
14208	1	1	1	0	0,0,1302,0,0		
14608	5	1	1	0	0,0,1101,0,0		
15008	5	1	1	0	0,0,1101,0,0		
15808	8	1	1	0	0,0,0,1101,0		
16608	4	1	1	0	1601,1601,0,0,1101		
16808	4	1	1	0	1601,1601,0,0,1101		
17008	4	1	1	0	1601,1601,0,0,1101		
17208	1	1	1	0	1601,1601,0,0,0		
17408	8	1	1	0	1601,1601,1101,0,0		
17608	8	1	1	0	1601,1601,1101,0,0		
17808	8	1	1	0	1601,1601,1101,0,0		
18008	8	1	1	0	1601,1601,1101,0,0		star
18208	8	1	1	0	1601,1601,1101,0,0		
19008	2	1	1	0	0,1101,0,0,0		
19808	9	1	1	0	1101,0,0,1601,1601		
20008	9	1	1	0	1101,0,1201,1601,1601		
20208	9	1	1	0	1101,0,0,1601,1601		
20408	1	1	1	0	0,0,0,1601,1601		
20608	2	1	1	0	0,0,1101,1601,1601		
20808	2	1	1	0	1201,0,1101,1601,1601		
21008	2	1	1	0	0,0,1101,1601,1601		
21208	2	1	1	0	1201,0,1101,1601,1601		
21408	2	1	1	0	0,0,1101,1601,1601		
22208	1	1	1	0	0,0,1401,0,0		
23008	2	1	1	0	1101,1101,0,0,0		
23408	2	1	1	0	0,0,0,1101,1101		
23808	2	1	1	0	1101,1101,1101,1101,1101		
24608	4	1	1	0	1101,1101,0,0,0		
25008	4	1	1	0	0,0,0,1101,1101		
25408	4	1	1	0	1101,1101,1101,1101,1101		
26208	9	1	1	0	1601,0,1101,0,1601		
26408	1	1	1	0	1601,0,0,0,1601		
26608	9	1	1	0	1601,0,1101,0,1601		
27008	10	1	1	0	0,0,1101,0,0		
27008	4	1	1	0	1101,0,0,0,0		
27008	9	1	1	0	0,1101,0,0,0		
27008	9	1	1	0	0,0,0,1101,0		
27008	4	1	1	0	0,0,0,0,1101		star