Test								
StartTime	HairColor	AIHairColor	ShockEffect	SoundEffect	Line	Stair	movable	progress
1061	4	1	1	0	0,1101,0,1202,0			
1917	4	1	1	0	0,1202,0,1101,0			
2773	4	1	1	0	0,1101,0,1202,0			
3842	4	1	1	0	0,1202,0,1101,0			
4600	1	1	1	0	0,0,0,0,0	1501,1501,1501,0,0		
4698	8	1	1	0	0,0,1101,0,0			
4698	2	1	1	0	0,0,0,1101,0			
5126	8	1	1	0	0,0,1101,0,0			
5126	2	1	1	0	0,0,0,1101,0			
5554	6	1	1	0	0,1101,0,0,0			
5554	5	1	1	0	0,0,0,1201,1101			
5600	1	1	1	0	0,0,0,0,0	1505,1505,1505,0,0		
5982	6	1	1	0	0,1101,0,0,0			
5982	5	1	1	0	0,0,0,0,1101			
6410	4	1	1	0	1101,0,0,0,0			
6410	9	1	1	0	0,0,0,1101,1201			
6838	4	1	1	0	1101,0,0,0,0			
6838	9	1	1	0	0,0,0,1101,0			
7200	1	1	1	0	0,0,0,0,0	0,0,1501,1501,1501		
7266	9	1	1	0	0,0,1101,0,0			
7266	8	1	1	0	1201,1101,0,0,0			
7694	9	1	1	0	0,0,1101,0,0			
7694	8	1	1	0	0,1101,0,0,0			
8000	1	1	1	0	0,0,0,0,0	0,0,1505,1505,1505		
8122	2	1	1	0	0,0,0,1101,0			
8122	4	1	1	0	1101,1201,0,0,0			
8550	2	1	1	0	0,0,0,1101,0			
8550	4	1	1	0	1101,0,0,0,0			
8978	10	1	1	0	0,0,0,0,1101			
8978	11	1	1	0	1201,1101,0,0,0			
9834	10	1	1	0	0,0,1101,0,0			
10262	10	1	1	0	0,0,1101,0,0			star
11400	1	1	1	0	1601,1601,1601,0,0			
11546	2	1	1	0	0,0,0,1101,0			
11600	1	1	1	0	1601,1601,1601,0,0			
11800	1	1	1	0	1601,1601,1601,0,0			
11974	2	1	1	0	0,0,0,1101,0			
12400	1	1	1	0	0,0,1601,1601,1601			
12402	8	1	1	0	0,1101,0,0,0			
12600	1	1	1	0	0,0,1601,1601,1601			
12800	1	1	1	0	0,0,1601,1601,1601			
12830	8	1	1	0	0,1101,0,0,0			
13258	12	1	1	0	0,0,1101,0,0			
13686	12	1	1	0	0,0,1101,0,0			
14000	1	1	1	0	1601,0,0,0,1601			
14114	12	1	1	0	0,0,1101,0,0			
14200	1	1	1	0	1601,0,0,0,1601			
14400	1	1	1	0	1601,0,0,0,1601			
14542	12	1	1	0	0,0,0,1101,0			
14600	1	1	1	0	1601,0,0,0,1601			
14800	1	1	1	0	1601,0,0,0,1601			
14969	12	1	1	0	0,0,1101,0,0			
15000	1	1	1	0	1601,0,0,0,1601			
15200	1	1	1	0	1601,0,0,0,1601			
15397	12	1	1	0	0,1101,0,0,0			
15400	1	1	1	0	1601,0,0,0,1601			
15600	1	1	1	0	1601,0,0,0,1601			
15800	1	1	1	0	1601,0,0,0,1601			
15825	12	1	1	0	0,0,1101,0,0			
16000	1	1	1	0	1601,1601,0,1601,1601			
16039	2	1	1	0	0,0,1101,0,0			
16200	1	1	1	0	1601,1601,0,1601,1601			
16253	8	1	1	0	0,0,1101,0,0			
16400	1	1	1	0	1601,1601,0,1601,1601			
16467	2	1	1	0	0,0,1101,0,0			
16600	1	1	1	0	1601,1601,0,1601,1601			
16681	8	1	1	0	0,0,1101,0,0			
16800	1	1	1	0	1601,1601,0,1601,1601			
17000	1	1	1	0	1601,1601,0,1601,1601			
17109	2	1	1	0	0,0,1101,0,0			
17200	1	1	1	0	1601,1601,0,1601,1601			
17400	1	1	1	0	1601,1601,0,1601,1601			
17537	1	1	1	0	0,0,1301,0,0			
18393	12	1	1	0	0,0,1101,0,0			
19249	4	1	1	0	0,0,0,0,1101			
19463	4	1	1	0	0,0,0,1101,0			
19677	4	1	1	0	0,0,1101,0,0			
19891	4	1	1	0	0,1101,0,0,0			
20319	8	1	1	0	0,0,0,1101,0			
20533	8	1	1	0	0,0,0,1101,0			
20747	8	1	1	0	0,0,0,1101,0			star
20961	8	1	1	0	0,0,0,1101,0			
21817	12	1	1	0	0,0,1101,0,0			
22673	4	1	1	0	0,0,1101,0,0			
22887	4	1	1	0	0,1101,0,0,0			
23101	4	1	1	0	0,0,1101,0,0			
23315	4	1	1	0	0,0,0,1101,0			
23529	4	1	1	0	0,0,1101,0,0			
23957	4	1	1	0	0,1101,0,0,0			
24385	1	1	1	0	0,0,1302,0,0			
25241	12	1	1	0	0,0,1101,0,0			
26096	9	1	1	0	0,1202,0,1101,0			
26310	9	1	1	0	0,0,0,1101,0			
26524	9	1	1	0	0,1202,0,1101,0			
26738	9	1	1	0	0,0,0,1101,0			
27000	1	1	1	0	0,0,0,0,0		0,1701,1701,1701,0	
27166	4	1	1	0	0,0,1101,0,0			
27200	1	1	1	0	0,0,0,0,0		0,1701,1701,1701,0	
27380	9	1	1	0	0,0,1101,0,0			
27400	1	1	1	0	0,0,0,0,0		0,1701,1701,1701,0	
27594	4	1	1	0	0,0,1101,0,0			
27600	1	1	1	0	0,0,0,0,0		0,1701,1701,1701,0	
27800	1	1	1	0	0,0,0,0,0		0,1701,1701,1701,0	
27808	9	1	1	0	0,0,1101,0,0			
28000	1	1	1	0	0,0,0,0,0		0,1701,1701,1701,0	
28664	10	1	1	0	0,0,1101,0,0			
29520	10	1	1	0	0,0,1101,0,0			
29734	4	1	1	0	1201,0,1101,0,1201			
29948	10	1	1	0	0,0,1101,0,0			
30162	4	1	1	0	1201,0,1101,0,1201			
30376	10	1	1	0	0,0,1101,0,0			
30376	4	1	1	0	1101,0,0,0,0			
30376	9	1	1	0	0,1101,0,0,0			
30376	9	1	1	0	0,0,0,1101,0			
30376	2	1	1	0	0,0,0,0,1101			star