Test								
StartTime	HairColor	AIHairColor	ShockEffect	SoundEffect	Line	Stair	movable	progress
1219	3	1	1	0	0,1101,0,1601,1601			
1419	1	1	1	0	0,0,0,1601,1601			
1510	3	1	1	0	0,1101,0,1601,1601			
1710	1	1	1	0	0,0,0,1601,1601			
1801	3	1	1	0	0,1101,0,1601,1601			
2384	6	1	1	0	1601,1601,0,1101,0			
2584	1	1	1	0	1601,1601,0,0,0			
2675	6	1	1	0	1601,1601,0,1101,0			
2875	1	1	1	0	1601,1601,0,0,0			
2966	6	1	1	0	1601,1601,0,1101,0			
3549	12	1	1	0	0,0,1101,0,0			
3840	12	1	1	0	0,0,1101,0,0			
4132	12	1	1	0	0,0,1101,0,0			
4714	1	1	1	0	0,0,1401,0,0			
5297	3	1	1	0	1101,1101,0,0,0			
5588	6	1	1	0	0,0,0,1101,1101			
5879	3	1	1	0	1101,1101,0,0,0			
6170	6	1	1	0	0,0,0,1101,1101			
6462	12	1	1	0	0,1101,1101,1101,0			
7044	1	1	1	0	0,0,1301,0,0			
7627	3	1	1	0	0,0,1101,0,0			
8209	3	1	1	0	0,0,1101,0,0			
8792	8	1	1	0	0,1101,0,0,0			
9083	1	1	1	0	0,0,0,1205,0			
9374	8	1	1	0	0,1101,0,0,0			
9957	4	1	1	0	0,0,0,1101,0			
10248	1	1	1	0	0,1204,0,0,0			
10539	4	1	1	0	0,0,0,1101,0			star
11122	10	1	1	0	0,0,0,0,1101			
11122	11	1	1	0	1101,0,0,0,0			
11413	1	1	1	0	0,0,1206,0,0			
11704	11	1	1	0	1101,0,0,0,0			
11704	10	1	1	0	0,0,0,0,1101			
12287	6	1	1	0	0,0,1101,0,0			
12869	6	1	1	0	0,0,1101,0,0			
13452	8	1	1	0	0,0,0,1101,0			
13743	1	1	1	0	0,1204,0,0,0			
14034	8	1	1	0	0,0,0,1101,0			
14617	4	1	1	0	0,1101,0,0,0			
14908	1	1	1	0	0,0,0,1205,0			
15199	4	1	1	0	0,1101,0,0,0			
15782	1	1	1	0	0,0,1302,0,0			
16365	10	1	1	0	0,0,1101,0,0			
16947	12	1	1	0	0,1101,0,0,0			
18112	3	1	1	0	0,0,1101,1601,1601			
18312	1	1	1	0	0,0,0,1601,1601			
18512	1	1	1	0	0,0,0,1601,1601			
18695	3	1	1	0	0,0,1101,1601,1601			
18895	1	1	1	0	0,0,0,1601,1601			
19095	1	1	1	0	0,0,0,1601,1601			
19277	4	1	1	0	1101,0,1201,1601,1601			
19477	1	1	1	0	0,0,0,1601,1601			
19677	1	1	1	0	0,0,0,1601,1601			
19860	4	1	1	0	1101,0,0,1601,1601			
20060	1	1	1	0	0,0,0,1601,1601			star
20260	1	1	1	0	0,0,0,1601,1601			
20442	3	1	1	0	1201,0,1101,1601,1601			
20642	1	1	1	0	0,0,0,1601,1601			
20842	1	1	1	0	0,0,0,1601,1601			
21025	3	1	1	0	0,0,1101,1601,1601			
21607	12	1	1	0	0,0,0,1101,0			
22772	4	1	1	0	1601,1601,0,0,1101			
22972	1	1	1	0	1601,1601,0,0,0			
23172	1	1	1	0	1601,1601,0,0,0			
23355	4	1	1	0	1601,1601,0,0,1101			
23555	1	1	1	0	1601,1601,0,0,0			
23755	1	1	1	0	1601,1601,0,0,0			
23937	3	1	1	0	1601,1601,1101,0,0			
24137	1	1	1	0	1601,1601,0,0,0			
24337	1	1	1	0	1601,1601,0,0,0			
24520	3	1	1	0	1601,1601,1101,0,0			
25685	12	1	1	0	1601,0,1101,0,1601			
25885	1	1	1	0	1601,0,0,0,1601			
26085	1	1	1	0	1601,0,0,0,1601			
26267	8	1	1	0	1601,1101,0,0,1601			
26467	1	1	1	0	1601,0,0,0,1601			
26667	1	1	1	0	1601,0,0,0,1601			
26850	8	1	1	0	1601,1101,0,0,1601			
27050	1	1	1	0	1601,0,0,0,1601			
27250	1	1	1	0	1601,0,0,0,1601			
27432	8	1	1	0	1601,1101,0,0,1601			
27632	1	1	1	0	1601,0,0,0,1601			
27832	1	1	1	0	1601,0,0,0,1601			
28015	3	1	1	0	1601,0,0,1101,1601			
28215	1	1	1	0	1601,0,0,0,1601			
28415	1	1	1	0	1601,0,0,0,1601			
28598	3	1	1	0	1601,0,0,1101,1601			
28798	1	1	1	0	1601,0,0,0,1601			
28998	1	1	1	0	1601,0,0,0,1601			
29180	3	1	1	0	1601,0,0,1101,1601			
29763	11	1	1	0	0,0,1101,0,0			
29763	3	1	1	0	1101,0,0,0,0			
29763	4	1	1	0	0,1101,0,0,0			
29763	4	1	1	0	0,0,0,1101,0			
29763	3	1	1	0	0,0,0,0,1101			star
