Test								
StartTime	HairColor	AIHairColor	ShockEffect	SoundEffect	Line	Stair	movable	progress
2089	2	1	1	0	0,1202,0,1101,0			
3073	9	1	1	0	0,1101,0,1202,0			
4000	1	1	1	0	0,0,0,0,0	0,0,1501,1501,1501		
4056	2	1	1	0	0,0,1101,0,0			
4548	9	1	1	0	0,0,0,0,1101			
5040	2	1	1	0	0,0,1101,0,0			
5532	9	1	1	0	0,0,0,0,1101			
5600	1	1	1	0	0,0,0,0,0	0,0,1505,1505,1505		
6024	2	1	1	0	0,0,0,1101,0			
6270	2	1	1	0	0,0,0,1101,0			
6516	2	1	1	0	0,0,0,1101,0			
7007	10	1	1	0	0,0,0,1101,0			
8237	2	1	1	0	0,1101,0,1601,1601			
8437	1	1	1	0	0,0,0,1601,1601			
8483	2	1	1	0	0,1101,0,1601,1601			
8683	1	1	1	0	0,0,0,1601,1601			
8729	2	1	1	0	0,1101,0,1601,1601			
8929	1	1	1	0	0,0,0,1601,1601			
8975	2	1	1	0	0,1101,0,1601,1601			
9466	9	1	1	0	0,1101,0,0,0			
9958	9	1	1	0	0,0,1101,0,0			
10450	9	1	1	0	0,0,0,1101,0			
10942	9	1	1	0	0,0,0,0,1101			
11925	9	1	1	0	0,0,1101,0,0			
12417	2	1	1	0	1101,0,0,0,0			star
12909	9	1	1	0	0,0,1101,0,0			
13401	2	1	1	0	1101,0,0,0,0			
13800	1	1	1	0	0,0,0,0,0		1701,1701,1701,0,0	
13893	9	1	1	0	0,1101,0,0,0			
14000	1	1	1	0	0,0,0,0,0		1701,1701,1701,0,0	
14138	9	1	1	0	0,1101,0,0,0			
14200	1	1	1	0	0,0,0,0,0		1701,1701,1701,0,0	
14384	9	1	1	0	0,1101,0,0,0			
14400	1	1	1	0	0,0,0,0,0		1701,1701,1701,0,0	
14600	1	1	1	0	0,0,0,0,0		1701,1701,1701,0,0	
14800	1	1	1	0	0,0,0,0,0		1701,1701,1701,0,0	
14876	10	1	1	0	0,1101,0,0,0			
16106	9	1	1	0	0,0,0,1101,0			
16352	9	1	1	0	0,1202,0,1101,0			
16597	9	1	1	0	0,0,0,1101,0			
16843	9	1	1	0	0,1202,0,1101,0			
17335	2	1	1	0	0,0,0,1101,0			
17827	2	1	1	0	0,0,1101,0,0			
18319	2	1	1	0	0,1101,0,0,0			
18811	2	1	1	0	0,0,1101,0,0			
19302	1	1	1	0	0,0,1301,0,0			
19794	9	1	1	0	0,0,1101,0,0			
20286	9	1	1	0	0,1101,0,0,0			
20778	9	1	1	0	0,0,0,1101,0			
21270	9	1	1	0	0,1101,0,0,0			
21761	2	1	1	0	0,0,0,1101,0			
22007	2	1	1	0	0,0,1101,0,0			
22253	2	1	1	0	0,1101,0,0,0			
22745	2	1	1	0	0,0,1101,0,0			
23975	4	1	1	0	0,0,0,1101,0			
24220	4	1	1	0	0,0,0,1101,0			star
24343	1	1	1	0	0,1204,0,0,0			
24466	4	1	1	0	0,0,0,1101,0			
24712	4	1	1	0	0,0,0,1101,0			
25204	9	1	1	0	0,0,0,0,1101			
25696	9	1	1	0	0,0,0,1101,0			
26188	9	1	1	0	0,0,1101,0,0			
26679	9	1	1	0	0,1101,0,0,0			
27171	1	1	1	0	0,0,1302,0,0			
27663	4	1	1	0	0,0,1101,0,0			
28155	9	1	1	0	0,1201,0,1101,0			
28647	2	1	1	0	0,1101,0,1201,0			
29138	9	1	1	0	0,1201,0,1101,0			
29630	4	1	1	0	1601,0,1101,0,1601			
29830	1	1	1	0	1601,0,0,0,1601			
29876	4	1	1	0	1601,0,1101,0,1601			
30076	1	1	1	0	1601,0,0,0,1601			
30122	4	1	1	0	1601,0,1101,0,1601			
30322	1	1	1	0	1601,0,0,0,1601			
30614	4	1	1	0	1601,0,1101,0,1601			
31843	2	1	1	0	0,1101,0,1601,1601			
32043	1	1	1	0	0,0,0,1601,1601			
32089	2	1	1	0	0,1101,0,1601,1601			
32289	1	1	1	0	0,0,0,1601,1601			
32335	2	1	1	0	0,1101,0,1601,1601			
32535	1	1	1	0	0,0,0,1601,1601			
32581	2	1	1	0	0,1101,0,1601,1601			
33073	4	1	1	0	0,0,1101,0,0			
33565	9	1	1	0	0,0,0,1101,0			
33688	1	1	1	0	0,1202,0,0,0			
33811	9	1	1	0	0,0,0,1101,0			
34548	2	1	1	0	0,1101,0,0,0			
34794	2	1	1	0	0,1101,0,1202,0			
35040	2	1	1	0	0,1101,0,0,0			
35532	10	1	1	0	0,0,1101,0,0			
35532	2	1	1	0	1101,0,0,0,0			
35532	4	1	1	0	0,1101,0,0,0			
35532	9	1	1	0	0,0,0,1101,0			
35532	2	1	1	0	0,0,0,0,1101			star
