Test								
StartTime	HairColor	AIHairColor	ShockEffect	SoundEffect	Line	Stair	movable	progress
670	2	1	1	0	0,0,1101,0,0			
1304	2	1	1	0	1101,0,0,0,0			
1938	1	1	1	0	0,0,0,0,1805			
2360	1	1	1	0	0,0,0,0,1805			
2783	1	1	1	0	0,0,0,0,1805			
3205	2	1	1	0	0,0,1101,0,0			
3839	2	1	1	0	0,0,0,1101,0			
4473	2	1	1	0	0,0,0,0,1101			
4684	5	1	1	0	0,0,0,0,1101			
5107	5	1	1	0	0,0,0,1101,0			
5529	5	1	1	0	0,0,1101,0,0			
5952	10	1	1	0	0,1101,0,0,0			
6163	10	1	1	0	0,1101,0,0,0			
6585	2	1	1	0	0,0,1101,0,1201			
7431	2	1	1	0	0,0,1201,0,1101			
8276	2	1	1	0	0,0,1101,0,1201			
9121	2	1	1	0	0,0,1201,0,1101			
9966	2	1	1	0	0,0,1101,0,0			
10811	2	1	1	0	1101,0,0,0,0			
11233	1	1	1	0	0,1401,0,0,0			
11456	1	1	1	0	0,0,1601,1601,1601			
11656	2	1	1	0	0,0,1601,1101,1101			
11856	2	1	1	0	0,0,1601,0,0			
11867	4	1	1	0	0,0,1601,1101,1101			star
12067	2	1	1	0	0,0,1601,0,0			
12078	9	1	1	0	0,0,1601,1101,1101			
12278	2	1	1	0	0,0,1601,0,0			
12290	5	1	1	0	0,0,1601,1101,1101			
12490	2	1	1	0	0,0,1601,0,0			
12501	9	1	1	0	0,0,1601,1101,1101			
12701	2	1	1	0	0,0,1601,0,0			
12712	4	1	1	0	0,0,1601,1101,1101			
12912	2	1	1	0	0,0,1601,0,0			
12924	2	1	1	0	0,0,1601,1101,1101			
13346	4	1	1	0	1201,0,1101,0,0			
14191	4	1	1	0	1101,0,1201,0,0			
15036	4	1	1	0	1201,0,1101,0,0			
15881	4	1	1	0	1101,0,1201,0,0			
16726	4	1	1	0	1201,0,1101,0,0			
17571	4	1	1	0	0,0,0,0,1101			
18400	1	1	1	0	0,0,0,0,0		1701,1701,1701,0,0	
18416	3	1	1	0	0,1101,0,0,0			
18600	1	1	1	0	0,0,0,0,0		1701,1701,1701,0,0	
18628	6	1	1	0	0,1101,0,0,0			
18800	1	1	1	0	0,0,0,0,0		1701,1701,1701,0,0	
18839	8	1	1	0	0,1101,0,0,0			
19000	1	1	1	0	0,0,0,0,0		1701,1701,1701,0,0	
19050	4	1	1	0	0,1101,0,0,0			
19200	1	1	1	0	0,0,0,0,0		1701,1701,1701,0,0	
19262	8	1	1	0	0,1101,0,0,0			
19400	1	1	1	0	0,0,0,0,0		1701,1701,1701,0,0	
19473	6	1	1	0	0,1101,0,0,0			
19600	1	1	1	0	0,0,0,0,0		1701,1701,1701,0,0	
19684	3	1	1	0	0,1101,0,0,0			
20107	11	1	1	0	0,1601,1101,0,0			
20200	1	1	1	0	0,1601,0,0,0	0,0,1501,1501,1501		
20400	1	1	1	0	0,1601,0,0,0			
20600	1	1	1	0	0,1601,0,0,0			
20800	1	1	1	0	0,1601,0,0,0			
21000	1	1	1	0	0,1601,0,0,0			
21200	1	1	1	0	0,1601,0,0,0			
21374	12	1	1	0	0,1601,0,0,1101			
21574	1	1	1	0	0,1601,0,0,0			
21797	12	1	1	0	0,1601,0,0,1101			
21997	1	1	1	0	0,1601,0,0,0			
22197	1	1	1	0	0,1601,0,0,0			
22397	1	1	1	0	0,1601,0,0,0			
22597	1	1	1	0	0,1601,0,0,0			
22797	1	1	1	0	0,1601,0,0,0			
22997	1	1	1	0	0,1601,0,0,0			
23064	11	1	1	0	0,1601,1101,0,0			star
23200	1	1	1	0	0,1601,0,0,0	0,0,1505,1505,1505		
23400	1	1	1	0	0,1601,0,0,0			
23487	11	1	1	0	0,1601,1101,0,0			
23687	1	1	1	0	0,1601,0,0,0			
23887	1	1	1	0	0,1601,0,0,0			
24087	1	1	1	0	0,1601,0,0,0			
24287	1	1	1	0	0,1601,0,0,0			
24487	1	1	1	0	0,1601,0,0,0			
24687	1	1	1	0	0,1601,0,0,0			
24755	1	1	1	0	0,1601,0,1101,0			
24955	1	1	1	0	0,1601,0,0,0			
25155	1	1	1	0	0,1601,0,0,0			
25177	2	1	1	0	0,1601,0,1101,0			
25377	1	1	1	0	0,1601,0,0,0			
25388	3	1	1	0	0,1601,0,1101,0			
25588	1	1	1	0	0,1601,0,0,0			
25600	4	1	1	0	0,1601,0,1101,0			
25800	1	1	1	0	0,1601,0,0,0			
25811	5	1	1	0	0,1601,0,1101,0			
26011	1	1	1	0	0,1601,0,0,0			
26022	6	1	1	0	0,1601,0,1101,0			
26222	1	1	1	0	0,1601,0,0,0			
26233	8	1	1	0	0,1601,0,1101,0			
26433	1	1	1	0	0,1601,0,0,0			
26445	9	1	1	0	0,1601,0,1101,0			
26800	1	1	1	0	0,0,0,1601,0	1501,1501,1501,0,0		
26867	10	1	1	0	0,0,1101,1601,0			
27067	1	1	1	0	0,0,0,1601,0			
27267	1	1	1	0	0,0,0,1601,0			
27467	1	1	1	0	0,0,0,1601,0			
27667	1	1	1	0	0,0,0,1601,0			
27867	1	1	1	0	0,0,0,1601,0			
28067	1	1	1	0	0,0,0,1601,0			
28135	12	1	1	0	1101,0,0,1601,0			
28335	1	1	1	0	0,0,0,1601,0			
28535	1	1	1	0	0,0,0,1601,0			
28557	12	1	1	0	1101,0,0,1601,0			
28757	1	1	1	0	0,0,0,1601,0			
28957	1	1	1	0	0,0,0,1601,0			
29157	1	1	1	0	0,0,0,1601,0			
29357	1	1	1	0	0,0,0,1601,0			
29557	1	1	1	0	0,0,0,1601,0			
29757	1	1	1	0	0,0,0,1601,0			
29825	10	1	1	0	0,0,1101,1601,0			
30000	1	1	1	0	0,0,0,1601,0	1505,1505,1505,0,0		
30200	1	1	1	0	0,0,0,1601,0			
30247	10	1	1	0	0,0,1101,1601,0			
30447	1	1	1	0	0,0,0,1601,0			
30647	1	1	1	0	0,0,0,1601,0			
30847	1	1	1	0	0,0,0,1601,0			
31047	1	1	1	0	0,0,0,1601,0			
31247	1	1	1	0	0,0,0,1601,0			
31447	1	1	1	0	0,0,0,1601,0			
31515	2	1	1	0	0,1101,0,1601,0			
31715	1	1	1	0	0,0,0,1601,0			
31915	1	1	1	0	0,0,0,1601,0			
31938	4	1	1	0	0,1101,0,1601,0			
32138	1	1	1	0	0,0,0,1601,0			
32149	9	1	1	0	0,1101,0,1601,0			
32349	1	1	1	0	0,0,0,1601,0			
32360	8	1	1	0	0,1101,0,1601,0			
32560	1	1	1	0	0,0,0,1601,0			
32571	9	1	1	0	0,1101,0,1601,0			
32771	1	1	1	0	0,0,0,1601,0			
32783	4	1	1	0	0,1101,0,1601,0			
32983	1	1	1	0	0,0,0,1601,0			
32994	2	1	1	0	0,1101,0,1601,0			
33194	1	1	1	0	0,0,0,1601,0			
33205	4	1	1	0	0,1101,0,1601,0			
33628	9	1	1	0	0,1101,0,0,0			
34473	10	1	1	0	0,0,1101,0,0			
34473	2	1	1	0	1101,0,0,0,0			
34473	4	1	1	0	0,1101,0,0,0			
34473	9	1	1	0	0,0,0,1101,0			
34473	8	1	1	0	0,0,0,0,1101			star