Test										
StartTime	HairColor	AIHairColor	ShockEffect	SoundEffect	Line	Stair	movable	progress	door	decorate
1400	1	1	1	0	0,0,0,0,0	1501,1501,0,0,0				
1477	2	1	1	0	1101,0,0,0,0					
1477	4	1	1	0	0,0,0,0,1101					
1988	2	1	1	0	1101,0,0,0,0					
1988	4	1	1	0	0,0,0,0,1101					
2414	1	1	1	0	0,0,0,0,1805					
2840	9	1	1	0	0,1101,0,0,0					
2840	6	1	1	0	0,0,1101,0,0					
3096	1	1	1	0	1800,0,0,0,0					
3352	9	1	1	0	0,1101,0,0,0					
3352	6	1	1	0	0,0,1101,0,0					
3778	1	1	1	0	0,0,0,0,1805					
4204	5	1	1	0	1101,0,0,0,0					
4204	3	1	1	0	0,0,0,1101,0					
4459	1	1	1	0	0,1801,0,0,0					
4715	5	1	1	0	1101,0,0,0,0					
4715	3	1	1	0	0,0,0,1101,0					
5141	1	1	1	0	0,0,0,0,1805					
5567	9	1	1	0	0,1101,0,0,0					
5567	8	1	1	0	0,0,0,0,1101					
5823	1	1	1	0	1800,0,0,0,0					
6079	9	1	1	0	0,1101,0,0,0					
6079	8	1	1	0	0,0,0,0,1101					
6400	1	1	1	0	0,0,0,0,0	1503,1503,0,0,0				
6506	1	1	1	0	0,0,0,0,1805					
6931	2	1	1	0	1101,1201,0,0,0					
6931	4	1	1	0	0,0,1101,0,0					
7442	2	1	1	0	1101,0,0,0,0					
7442	4	1	1	0	0,0,1101,0,0					
7868	1	1	1	0	0,0,0,0,1805					
8295	5	1	1	0	1201,1101,0,0,0					
8295	12	1	1	0	0,0,0,1101,0					
8806	5	1	1	0	0,1101,0,0,0					
8806	12	1	1	0	0,0,0,1101,0					
9600	1	1	1	0	0,0,1601,0,1601					
9658	11	1	1	0	1101,0,0,0,0					
9658	10	1	1	0	0,0,1601,1101,1601					
9800	1	1	1	0	0,0,1601,0,1601					
10000	1	1	1	0	0,0,1601,0,1601					
10200	1	1	1	0	0,0,1601,0,1601					
10400	1	1	1	0	0,1802,1601,0,1601					
10600	1	1	1	0	0,0,1601,0,1601			star		
10800	1	1	1	0	0,0,1601,0,1601					
11000	1	1	1	0	0,0,1601,0,1601				0,1903_1_1	
11022	1	1	1	0	0,1101,0,0,0					
11022	8	1	1	0	0,0,0,0,0					
11704	1	1	1	0	1101,1201,0,0,0					
11704	8	1	1	0	0,0,0,1101,0					
12045	1	1	1	0	1101,0,0,0,0					
12045	8	1	1	0	0,0,0,1101,0					
12386	2	1	1	0	0,1101,0,0,0					
12386	1	1	1	0	0,0,0,0,1402					
13067	2	1	1	0	1201,1101,0,0,0					
13067	4	1	1	0	0,0,1101,0,1801					
13408	2	1	1	0	0,1101,0,0,0					
13408	4	1	1	0	0,0,1101,0,0					
13749	5	1	1	0	1101,0,0,0,0					
13749	6	1	1	0	0,0,0,1101,0					
14431	5	1	1	0	1101,1201,0,0,0					
14431	6	1	1	0	0,0,1800,0,1101					
14772	5	1	1	0	1101,0,0,0,0					
14772	6	1	1	0	0,0,0,0,1101					
15113	11	1	1	0	0,1101,0,0,0					
15113	10	1	1	0	0,0,0,1101,0					
15800	1	1	1	0	0,0,0,0,0	1505,1505,0,0,0				
16477	9	1	1	0	0,1101,0,0,0					
16477	3	1	1	0	0,0,1101,0,1802					
16817	9	1	1	0	1800,1101,0,0,0					
16817	3	1	1	0	0,0,1101,0,0					
17158	9	1	1	0	0,1101,0,0,0					
17158	3	1	1	0	0,0,1101,0,0					
17840	2	1	1	0	1101,0,0,0,0					
17840	4	1	1	0	0,0,0,1101,0					
18522	2	1	1	0	1101,1801,0,0,0					
18522	4	1	1	0	0,0,0,1802,1101					
18863	2	1	1	0	1101,0,0,0,0					
18863	4	1	1	0	0,0,0,0,1101					
19204	5	1	1	0	0,1101,0,0,0					
19204	6	1	1	0	0,0,0,1101,0					
19886	5	1	1	0	0,1101,0,0,0					
19886	6	1	1	0	0,0,1101,0,1802					
20227	5	1	1	0	0,1101,0,0,0					
20227	6	1	1	0	0,0,1101,0,0					
20567	11	1	1	0	1401,0,0,0,0			star		
20567	10	1	1	0	0,0,0,0,0				0,1901_10_1_50	
21931	10	1	1	0	1101,1101,1101,1101,1101					
22272	11	1	1	0	1101,1101,1101,1101,1101					
22613	10	1	1	0	1101,1101,1101,1101,1101					
23295	8	1	1	0	0,0,0,1101,0					
23977	8	1	1	0	0,0,0,0,1101					
23977	2	1	1	0	0,0,1101,0,0					
24317	8	1	1	0	0,0,0,0,1101					
24317	2	1	1	0	0,0,1101,0,0					
24658	2	1	1	0	0,0,0,1101,0					
25340	2	1	1	0	0,0,1101,0,0					
25340	8	1	1	0	0,0,0,0,1101					
25681	2	1	1	0	0,0,1101,0,0					
25681	8	1	1	0	0,0,0,0,1101					
26022	11	1	1	0	0,1101,0,0,0					
27200	1	1	1	0	0,0,0,0,0		0,1701,1701,1701,0			
27386	12	1	1	0	0,1101,1101,1101,0					
27400	1	1	1	0	0,0,0,0,0		0,1701,1701,1701,0			
27600	1	1	1	0	0,0,0,0,0		0,1701,1701,1701,0			
27727	12	1	1	0	0,1101,1101,1101,0					
27800	1	1	1	0	0,0,0,0,0		0,1701,1701,1701,0			
28000	1	1	1	0	0,0,0,0,0		0,1701,1701,1701,0			
28067	12	1	1	0	0,1101,1101,1101,0					
28200	1	1	1	0	0,0,0,0,0		0,1701,1701,1701,0			
28749	4	1	1	0	0,1101,0,0,0					
29431	4	1	1	0	1101,0,0,0,0					
29772	4	1	1	0	1101,0,0,1802,0					
30113	9	1	1	0	0,1101,0,0,0					
30795	9	1	1	0	0,0,1101,0,0					
31136	9	1	1	0	0,0,1101,0,0					
31477	10	1	1	0	0,0,0,0,0					2003,2002
32840	10	1	1	0	0,0,1101,0,0					
33522	10	1	1	0	0,0,1101,0,0			star		
33863	11	1	1	0	0,0,1101,0,0					
34204	10	1	1	0	0,0,0,1101,0					
34204	11	1	1	0	0,1101,0,0,0					
