Test								
StartTime	HairColor	AIHairColor	ShockEffect	SoundEffect	Line	Stair	movable	progress
3332	8	1	1	0	0,0,1101,0,0			
3794	8	1	1	0	0,0,1101,0,0			
4256	8	1	1	0	0,1101,0,0,0			
4717	8	1	1	0	1101,0,0,0,0			
5000	1	1	1	0	1601,0,1601,0,0	0,1501,0,0,0		
5179	8	1	1	0	0,1101,0,0,0			
5200	1	1	1	0	1601,0,1601,0,0			
5400	1	1	1	0	1601,0,1601,0,0			
5409	8	1	1	0	0,1101,0,0,0			
5600	1	1	1	0	1601,0,1601,0,0	0,1505,0,0,0		
5640	8	1	1	0	0,1101,0,0,0			
5800	1	1	1	0	1601,0,1601,0,0			
5871	8	1	1	0	0,1101,0,0,0			
6000	1	1	1	0	1601,0,1601,0,0			
6200	1	1	1	0	1601,0,1601,0,0			
6332	8	1	1	0	0,1101,0,0,0			
7025	2	1	1	0	0,0,1101,0,0			
7486	2	1	1	0	0,0,0,1101,0			
7948	2	1	1	0	0,0,1101,0,0			
8409	2	1	1	0	0,0,0,1101,0			
8800	1	1	1	0	1601,1601,0,1601,0	0,0,0,0,1501		
8871	2	1	1	0	0,0,0,0,1101			
9000	1	1	1	0	1601,1601,0,1601,0			
9102	2	1	1	0	0,0,0,0,1101			
9200	1	1	1	0	1601,1601,0,1601,0			
9332	2	1	1	0	0,0,0,0,1101			
9400	1	1	1	0	1601,1601,0,1601,0	0,0,0,0,1505		
9563	2	1	1	0	0,0,0,0,1101			
9600	1	1	1	0	1601,1601,0,1601,0			
9800	1	1	1	0	1601,1601,0,1601,0			
10000	1	1	1	0	1601,1601,0,1601,0			
10025	2	1	1	0	0,0,0,0,1101			
10717	8	1	1	0	0,0,1101,0,0			star
11179	8	1	1	0	0,0,1101,0,0			
11640	2	1	1	0	0,0,0,1101,0			
12102	2	1	1	0	0,0,0,0,1101			
12400	1	1	1	0	1601,1601,1601,0,1601			
12563	2	1	1	0	0,0,0,1101,0			
12600	1	1	1	0	1601,1601,1601,0,1601			
12794	8	1	1	0	0,0,0,1101,0			
12800	1	1	1	0	1601,1601,1601,0,1601			
13000	1	1	1	0	1601,1601,1601,0,1601			
13025	2	1	1	0	0,0,0,1101,0			
13200	1	1	1	0	1601,1601,1601,0,1601			
13256	8	1	1	0	0,0,0,1101,0			
13400	1	1	1	0	1601,1601,1601,0,1601			
13600	1	1	1	0	1601,1601,1601,0,1601			
13717	2	1	1	0	0,0,0,1101,0			
14409	8	1	1	0	0,0,1101,0,0			
14871	8	1	1	0	0,1101,0,0,0			
15332	1	1	1	0	0,0,1401,0,0			
15794	2	1	1	0	1101,1101,0,0,0			
16025	2	1	1	0	1101,1101,0,0,0			
16256	2	1	1	0	1101,1101,0,0,0			
16717	8	1	1	0	0,1101,1101,0,0			
16948	8	1	1	0	0,1101,1101,0,0			
17179	8	1	1	0	0,1101,1101,0,0			
17640	9	1	1	0	0,0,1101,1101,0			
17871	9	1	1	0	0,0,1101,1101,0			
18102	9	1	1	0	0,0,1101,1101,0			
18563	9	1	1	0	0,0,1101,0,0			
19025	9	1	1	0	0,1101,0,0,0			
19255	1	1	1	0	0,0,0,1202,0			
19486	9	1	1	0	0,1101,0,0,0			
19948	9	1	1	0	1101,0,0,0,0			
20179	9	1	1	0	1101,0,1202,0,0			
20409	9	1	1	0	1101,0,0,0,0			
20640	9	1	1	0	1101,0,1202,0,0			
21102	9	1	1	0	1101,0,1202,0,0			star
21794	4	1	1	0	1201,0,1101,0,0			
22256	4	1	1	0	0,1201,0,1101,0			
22717	4	1	1	0	0,0,0,1101,0			
23179	4	1	1	0	0,0,0,0,1101			
23640	4	1	1	0	0,0,0,0,1101			
23871	4	1	1	0	0,0,1202,0,1101			
24102	4	1	1	0	0,0,0,0,1101			
24332	4	1	1	0	0,0,1202,0,1101			
24794	4	1	1	0	0,0,1202,0,1101			
25486	9	1	1	0	0,0,1101,0,0			
25948	9	1	1	0	0,0,1101,0,0			
26409	4	1	1	0	0,1101,0,0,0			
26871	4	1	1	0	0,0,0,1101,0			
27200	1	1	1	0	0,0,0,0,0		0,1701,1701,1701,0	
27332	9	1	1	0	0,0,1101,0,0			
27400	1	1	1	0	0,0,0,0,0		0,1701,1701,1701,0	
27563	4	1	1	0	0,0,1101,0,0			
27600	1	1	1	0	0,0,0,0,0		0,1701,1701,1701,0	
27794	9	1	1	0	0,0,1101,0,0			
27800	1	1	1	0	0,0,0,0,0		0,1701,1701,1701,0	
28000	1	1	1	0	0,0,0,0,0		0,1701,1701,1701,0	
28025	4	1	1	0	0,0,1101,0,0			
28200	1	1	1	0	0,0,0,0,0		0,1701,1701,1701,0	
28400	1	1	1	0	0,0,0,0,0		0,1701,1701,1701,0	
28486	9	1	1	0	0,0,1101,0,0			
28600	1	1	1	0	0,0,0,0,0		0,1701,1701,1701,0	
29640	4	1	1	0	0,0,1101,0,0			
30102	4	1	1	0	0,0,1101,0,0			
30563	9	1	1	0	0,0,0,1101,0			
30794	9	1	1	0	0,0,0,1101,0			
31025	9	1	1	0	0,0,0,1101,0			
31486	4	1	1	0	0,0,1101,0,0			
31717	4	1	1	0	0,0,1101,0,0			
31948	4	1	1	0	0,0,1101,0,0			
32409	10	1	1	0	0,1101,0,0,0			
32640	10	1	1	0	0,1101,0,0,0			
32871	10	1	1	0	0,1101,0,0,0			
33332	10	1	1	0	0,1101,0,0,0			
33794	2	1	1	0	0,1101,0,0,0			
33794	8	1	1	0	1101,0,0,0,0			
33794	10	1	1	0	0,0,1101,0,0			
33794	4	1	1	0	0,0,0,1101,0			
33794	9	1	1	0	0,0,0,0,1101			star
