Test								
StartTime	HairColor	AIHairColor	ShockEffect	SoundEffect	Line	Stair	movable	progress
1935	11	1	1	0	0,0,1101,0,0			
2408	11	1	1	0	0,0,1101,0,0			
2800	1	1	1	0	1601,0,1601,0,0	0,1501,0,0,0		
2880	1	1	1	0	0,1101,0,0,0			
3000	1	1	1	0	1601,0,1601,0,0			
3200	1	1	1	0	1601,0,1601,0,0			
3353	2	1	1	0	0,1101,0,0,0			
3400	1	1	1	0	1601,0,1601,0,0			
3600	1	1	1	0	1601,0,1601,0,0			
3800	1	1	1	0	1601,0,1601,0,0	0,1505,0,0,0		
3825	3	1	1	0	0,1101,0,0,0			
4000	1	1	1	0	1601,0,1601,0,0			
4200	1	1	1	0	1601,0,1601,0,0			
4298	4	1	1	0	0,1101,0,0,0			
4400	1	1	1	0	1601,0,1601,0,0			
4600	1	1	1	0	1601,0,1601,0,0			
4770	5	1	1	0	0,1101,0,0,0			
5600	1	1	1	0	1601,1601,0,0,0			
5715	2	1	1	0	0,0,0,1101,0			
5800	1	1	1	0	1601,1601,0,0,0			
6000	1	1	1	0	1601,1601,0,0,0			
6187	2	1	1	0	0,0,0,1101,0			
6200	1	1	1	0	1601,1601,0,0,0			
6400	1	1	1	0	1601,1601,0,0,0			
6424	2	1	1	0	0,0,0,1101,0			
7600	1	1	1	0	0,0,0,0,0		0,1701,1701,0,0	
7605	4	1	1	0	0,0,1101,0,0			
7800	1	1	1	0	0,0,0,0,0		0,1701,1701,0,0	
8000	1	1	1	0	0,0,0,0,0		0,1701,1701,0,0	
8077	4	1	1	0	0,0,1101,0,0			
8200	1	1	1	0	0,0,0,0,0		0,1701,1701,0,0	
8313	4	1	1	0	0,0,1101,0,0			
8400	1	1	1	0	0,0,0,0,0		0,1701,1701,0,0	
9494	10	1	1	0	0,0,1101,0,0			
9967	4	1	1	0	0,1101,0,1202,0			
10203	4	1	1	0	0,1101,0,0,0			
10912	8	1	1	0	0,1202,0,1101,0			
11148	8	1	1	0	0,0,0,1101,0			
11857	9	1	1	0	1201,0,1101,0,1201			
12093	9	1	1	0	0,0,1101,0,0			star
13200	1	1	1	0	0,0,0,0,0	1501,1501,1501,0,0		
13274	8	1	1	0	0,0,1101,0,0			
13746	8	1	1	0	0,1101,0,0,0			
13983	8	1	1	0	0,1101,0,0,0			
14400	1	1	1	0	0,0,0,0,0	1505,1505,1505,0,0		
15164	2	1	1	0	1101,0,0,0,0			
15636	2	1	1	0	0,1101,0,0,0			
15872	2	1	1	0	0,1101,0,0,0			
17054	2	1	1	0	0,0,0,1101,0			
17526	9	1	1	0	0,0,1201,0,1101			
17762	9	1	1	0	0,0,0,0,1101			
18471	5	1	1	0	0,0,1101,0,1201			
18707	5	1	1	0	0,0,1101,0,0			
19416	5	1	1	0	0,0,1101,0,0			
19888	1	1	1	0	0,0,1301,0,0			
20361	4	1	1	0	0,0,1101,0,0			
20833	4	1	1	0	0,0,1101,0,0			
21305	4	1	1	0	0,0,1101,0,0			
21778	9	1	1	0	0,1101,0,0,0			
22250	9	1	1	0	0,0,1101,0,0			
22723	9	1	1	0	0,0,0,1101,0			
23195	9	1	1	0	0,1101,0,1206,0			
24613	2	1	1	0	0,0,1101,0,0			star
25085	2	1	1	0	0,0,1101,0,0			
25557	8	1	1	0	0,0,0,1101,0			
26030	8	1	1	0	0,0,1101,0,0			
26502	8	1	1	0	0,1101,0,0,0			
26975	8	1	1	0	0,1206,0,1101,0			
27447	12	1	1	0	0,0,1101,0,0			
27920	12	1	1	0	0,0,1101,0,0			
28392	12	1	1	0	0,0,1101,0,0			
28865	1	1	1	0	0,0,1302,0,0			
29337	2	1	1	0	0,0,1101,0,0			
29809	2	1	1	0	0,0,1101,0,0			
30200	1	1	1	0	1601,0,1601,1601,1601			
30282	2	1	1	0	0,1101,0,0,0			
30400	1	1	1	0	1601,0,1601,1601,1601			
30600	1	1	1	0	1601,0,1601,1601,1601			
30754	2	1	1	0	0,1101,0,0,0			
30800	1	1	1	0	1601,0,1601,1601,1601			
32000	1	1	1	0	1601,1601,1601,0,1601			
32172	8	1	1	0	0,0,0,1101,0			
32200	1	1	1	0	1601,1601,1601,0,1601			
32400	1	1	1	0	1601,1601,1601,0,1601			
32600	1	1	1	0	1601,1601,1601,0,1601			
32644	8	1	1	0	0,0,0,1101,0			
33117	4	1	1	0	0,0,1101,0,0			
33589	4	1	1	0	0,1101,0,0,0			
34061	3	1	1	0	0,0,1101,0,0			
34534	3	1	1	0	0,0,0,1101,0			
35006	6	1	1	0	0,0,0,1101,0			
35006	2	1	1	0	1101,0,0,0,0			
35006	4	1	1	0	0,1101,0,0,0			
35006	11	1	1	0	0,0,1101,0,0			
35006	8	1	1	0	0,0,0,0,1101			star