Test								
StartTime	HairColor	AIHairColor	ShockEffect	SoundEffect	Line	Stair	movable	progress
800	1	1	1	0	0,0,0,1601,0	1501,1501,1501,0,0		
820	4	1	1	0	0,0,1101,0,0			
1000	1	1	1	0	0,0,0,1601,0			
1200	1	1	1	0	0,0,0,1601,0	1505,1505,1505,0,0		
1317	4	1	1	0	0,1101,0,0,0			
1400	1	1	1	0	0,0,0,1601,0			
1566	4	1	1	0	0,1101,0,0,0			
1600	1	1	1	0	0,0,0,1601,0			
1800	1	1	1	0	0,0,0,1601,0			
1815	4	1	1	0	0,1101,0,0,0			
2800	1	1	1	0	0,1601,0,0,0	0,0,1501,1501,1501		
2810	9	1	1	0	0,0,1101,0,0			
3000	1	1	1	0	0,1601,0,0,0			
3200	1	1	1	0	0,1601,0,0,0	0,0,1505,1505,1505		
3307	9	1	1	0	0,0,0,1101,0			
3400	1	1	1	0	0,1601,0,0,0			
3556	9	1	1	0	0,0,0,1101,0			
3600	1	1	1	0	0,1601,0,0,0			
3800	1	1	1	0	0,1601,0,0,0			
3805	9	1	1	0	0,0,0,1101,0			
4000	1	1	1	0	0,1601,0,0,0			
4200	1	1	1	0	0,1601,0,0,0			
4302	9	1	1	0	0,0,0,1101,0			
5200	1	1	1	0	0,0,0,1601,1601			
5297	8	1	1	0	1201,0,1101,0,0			
5400	1	1	1	0	0,0,0,1601,1601			
5600	1	1	1	0	0,0,0,1601,1601			
5795	8	1	1	0	1101,0,1201,0,0			
5800	1	1	1	0	0,0,0,1601,1601			
6000	1	1	1	0	0,0,0,1601,1601			
6200	1	1	1	0	0,0,0,1601,1601			
6292	8	1	1	0	1201,0,1101,0,0			
7200	1	1	1	0	1601,0,0,0,1601			
7287	3	1	1	0	0,1101,0,1201,0			
7400	1	1	1	0	1601,0,0,0,1601			
7600	1	1	1	0	1601,0,0,0,1601			
7785	3	1	1	0	0,1201,0,1101,0			
7800	1	1	1	0	1601,0,0,0,1601			
8000	1	1	1	0	1601,0,0,0,1601			
8200	1	1	1	0	1601,0,0,0,1601			
8282	3	1	1	0	0,1101,0,1201,0			
8600	1	1	1	0	0,1601,0,0,0	0,0,1501,1501,1501		
8780	2	1	1	0	0,0,0,1101,0			
8800	1	1	1	0	0,1601,0,0,0			
9000	1	1	1	0	0,1601,0,0,0			
9028	2	1	1	0	0,0,0,1101,0			
9200	1	1	1	0	0,1601,0,0,0	0,0,1505,1505,1505		
9277	2	1	1	0	0,0,0,1101,0			
9400	1	1	1	0	0,1601,0,0,0			
9600	1	1	1	0	0,1601,0,0,0			
9775	2	1	1	0	0,0,0,0,1101			
10600	1	1	1	0	0,0,0,1601,0	1501,1501,1501,0,0		
10770	5	1	1	0	0,1101,0,0,0			
10800	1	1	1	0	0,0,0,1601,0			star
11000	1	1	1	0	0,0,0,1601,0			
11019	5	1	1	0	0,1101,0,0,0			
11200	1	1	1	0	0,0,0,1601,0	1505,1505,1505,0,0		
11267	5	1	1	0	0,1101,0,0,0			
11400	1	1	1	0	0,0,0,1601,0			
11600	1	1	1	0	0,0,0,1601,0			
11765	5	1	1	0	1101,0,0,0,0			
11800	1	1	1	0	0,0,0,1601,0			
12000	1	1	1	0	0,0,0,1601,0			
12200	1	1	1	0	0,0,0,1601,0			
12262	5	1	1	0	1101,0,0,0,0			
13257	2	1	1	0	1201,0,1101,0,1201			
13506	2	1	1	0	0,0,1101,0,0			
13755	2	1	1	0	1201,0,1101,0,1201			
14252	2	1	1	0	0,0,1101,0,0			
14600	1	1	1	0	0,0,0,0,0		0,1701,1701,0,0	
14750	2	1	1	0	0,0,1101,0,0			
14800	1	1	1	0	0,0,0,0,0		0,1701,1701,0,0	
14999	5	1	1	0	0,0,1101,0,0			
15000	1	1	1	0	0,0,0,0,0		0,1701,1701,0,0	
15200	1	1	1	0	0,0,0,0,0		0,1701,1701,0,0	
15247	2	1	1	0	0,0,1101,0,0			
15400	1	1	1	0	0,0,0,0,0		0,1701,1701,0,0	
15496	5	1	1	0	0,0,1101,0,0			
15600	1	1	1	0	0,0,0,0,0		0,1701,1701,0,0	
15745	2	1	1	0	0,0,1101,0,0			
15800	1	1	1	0	0,0,0,0,0		0,1701,1701,0,0	
16242	5	1	1	0	0,0,1101,0,0			
16740	1	1	1	0	0,0,1301,0,0			
17237	1	1	1	0	0,0,1101,0,0			
17735	2	1	1	0	0,1206,0,1101,0			
18232	2	1	1	0	0,0,0,1101,0			
18730	3	1	1	0	0,0,1206,0,1101			
19227	3	1	1	0	0,0,0,0,1101			
19725	4	1	1	0	0,0,0,1101,0			
20222	4	1	1	0	0,0,0,1101,0			
20720	9	1	1	0	0,1101,0,1205,0			
21715	8	1	1	0	0,1204,0,1101,0			star
22710	9	1	1	0	0,0,1101,0,0			
22959	8	1	1	0	0,0,1101,0,0			
23208	9	1	1	0	1204,0,1101,0,1205			
23456	8	1	1	0	0,0,1101,0,0			
23705	9	1	1	0	0,0,1101,0,0			
24203	1	1	1	0	0,0,1302,0,0			
24700	4	1	1	0	0,0,1101,0,0			
25198	4	1	1	0	0,0,1101,0,0			
25695	8	1	1	0	0,1101,0,0,0			
26193	8	1	1	0	1101,0,1201,0,0			
26690	9	1	1	0	0,1101,0,0,0			
27188	9	1	1	0	1201,0,1101,0,0			
27685	6	1	1	0	0,1201,0,1101,0			
28183	6	1	1	0	0,0,1101,0,0			
28680	10	1	1	0	0,1202,0,1101,0			
29675	11	1	1	0	0,1101,0,1202,0			
30670	1	1	1	0	0,0,1401,0,0			
30919	2	1	1	0	0,1101,1101,0,0			
31168	4	1	1	0	0,0,1101,1101,0			
31417	9	1	1	0	1101,1101,1101,0,0			
31665	8	1	1	0	0,0,1101,1101,1101			
32163	10	1	1	0	1101,1101,1101,1101,1101			star