Test								
StartTime	HairColor	AIHairColor	ShockEffect	SoundEffect	Line	Stair	movable	progress
800		1	1	0	1601,1601,0,1601,1601			
873	8	1	1	0	0,0,1101,0,0			
1562	8	1	1	0	0,0,1101,0,0			
1907	4	1	1	0	0,1101,0,0,0			
2252	8	1	1	0	1101,0,0,0,0			
2941	2	1	1	0	0,0,1101,0,0			
3286	1	1	1	0	0,1202,0,0,0			
3631	2	1	1	0	0,0,1101,0,0			
4321	2	1	1	0	0,0,1101,0,0			
4666	9	1	1	0	0,0,0,1101,0			
5010	2	1	1	0	0,0,0,0,1101			
5700	10	1	1	0	0,0,1101,0,0			
6045	1	1	1	0	0,0,0,1202,0			
6390	3	1	1	0	0,0,1101,0,0			
7079	3	1	1	0	0,0,1101,0,0			
7424	6	1	1	0	0,1101,0,0,0			star
7769	3	1	1	0	1101,0,0,0,0			
8459	2	1	1	0	0,1101,0,1202,0			
9148	2	1	1	0	0,1101,0,1202,0			
9800	1	1	1	0	0,0,0,0,0		0,0,1701,1701,1701	
9838	8	1	1	0	0,0,0,1101,0			
10000	1	1	1	0	0,0,0,0,0		0,0,1701,1701,1701	
10200	1	1	1	0	0,0,0,0,0		0,0,1701,1701,1701	
10400	1	1	1	0	0,0,0,0,0		0,0,1701,1701,1701	
10528	8	1	1	0	0,0,0,1101,0			
10600	1	1	1	0	0,0,0,0,0		0,0,1701,1701,1701	
11217	1	1	1	0	0,0,1101,0,0			
11907	1	1	1	0	0,0,1101,0,0			
12252	1	1	1	0	0,0,1301,0,0			
12597	3	1	1	0	0,0,1101,0,0			
12941	3	1	1	0	0,0,1101,0,0			
13286	3	1	1	0	0,0,1101,0,0			
13976	6	1	1	0	0,1101,0,0,0			
14666	6	1	1	0	0,0,0,1101,0			star
15355	3	1	1	0	0,1101,0,0,0			
15700	3	1	1	0	0,1101,0,1205,0			
16045	3	1	1	0	0,1101,0,0,0			
16735	6	1	1	0	0,0,0,1101,0			
17424	6	1	1	0	0,1101,0,0,0			
18114	8	1	1	0	0,0,0,1101,0			
18459	8	1	1	0	0,1204,0,1101,0			
18804	8	1	1	0	0,0,0,1101,0			
19148	1	1	1	0	0,0,1302,0,0			
19493	2	1	1	0	0,0,1101,0,0			
20183	2	1	1	0	0,0,1101,0,0			
20800	1	1	1	0	1601,0,1601,1601,1601			
20872	3	1	1	0	0,1101,0,0,0			
21000	1	1	1	0	1601,0,1601,1601,1601			
21200	1	1	1	0	1601,0,1601,1601,1601			
21400	1	1	1	0	1601,0,1601,1601,1601			
21562	3	1	1	0	0,1101,0,0,0			
22200	1	1	1	0	1601,1601,1601,0,1601			
22252	9	1	1	0	0,0,0,1101,0			
22400	1	1	1	0	1601,1601,1601,0,1601			
22941	9	1	1	0	0,0,0,0,1101			
22941	8	1	1	0	1101,0,0,0,0			
22941	10	1	1	0	0,0,1101,0,0			star