Test												
StartTime	HairColor	AIHairColor	ShockEffect	SoundEffect	Line	LineType	SkyLine	Stair	movable	progress	door	decorate
2331	2	1	1	0	0,0,1101,0,0							
3029	4	1	1	0	0,1101,0,0,0							
3726	2	1	1	0	0,1202,0,1101,0							
4075	2	1	1	0	0,0,0,1101,0							
4424	2	1	1	0	0,1202,0,1101,0							
5122	4	1	1	0	0,1101,0,0,2101							
5122	10	1	1	0	0,0,0,0,0							
5819	9	1	1	0	0,1101,0,0,0							
6400	1	1	1	0	0,0,0,0,0	1	00111					
6400	1	1	1	0	0,0,1601,1601,1601							
6517	4	1	1	0	1101,0,0,1803,0							
6517	10	1	1	0	0,0,0,1804,1101	1						
6600	1	1	1	0	0,0,1601,1601,1601							
6800	1	1	1	0	0,0,1601,1601,1601							
6866	4	1	1	0	1101,0,0,0,0							
6866	10	1	1	0	0,0,0,0,1101	1						
7000	1	1	1	0	0,0,1601,1601,1601							
7200	1	1	1	0	0,0,1601,1601,1601							
7215	4	1	1	0	1101,0,0,1803,0							
7215	10	1	1	0	0,0,0,1804,1101	1						
7912	2	1	1	0	0,1101,0,0,0							
7912	10	1	1	0	0,0,0,1101,0	1						
8610	4	1	1	0	0,0,1101,0,0							
8610	10	1	1	0	0,0,1101,0,0	1						
9308	9	1	1	0	0,0,0,1101,0							
9308	10	1	1	0	0,0,0,0,0	1					0,1901_10_3_2	
9600	1	1	1	0	0,0,0,0,0	1	00111					
10703	10	1	1	0	0,0,1101,0,0							
11401	10	1	1	0	0,0,1101,0,0							
11749	1	1	1	0	0,0,1401,0,0							
12447	2	1	1	0	1101,1101,1101,1101,1101							
12796	4	1	1	0	1101,1101,1101,1101,1101							
13145	9	1	1	0	1101,1101,1101,1101,1101							
13494	10	1	1	0	1101,1101,0,1101,1101							
13494	1	1	1	0	0,0,1402,0,0							
14000	1	1	1	0	0,0,1203,0,0							
14400	1	1	1	0	0,0,1203,0,0							
14800	1	1	1	0	0,0,1203,0,0							
15400	1	1	1	0	1601,0,0,0,1601							
15587	12	1	1	0	0,0,1101,0,0							
15600	1	1	1	0	1601,0,0,0,1601							
15800	1	1	1	0	1601,0,0,0,1601							
15935	12	1	1	0	0,0,1101,0,0							
16000	1	1	1	0	1601,0,0,0,1601							
16200	1	1	1	0	1601,0,0,0,1601							
16284	3	1	1	0	0,1101,0,0,0							
16400	1	1	1	0	1601,0,0,0,1601							
16600	1	1	1	0	1601,0,0,0,1601							
16633	4	1	1	0	0,0,0,1101,0							
16800	1	1	1	0	1601,0,0,0,1601							
16982	3	1	1	0	0,1101,0,0,0							
17000	1	1	1	0	1601,0,0,0,1601							
17331	1	1	1	0	0,0,1301,0,0							
18377	1	1	1	0	0,0,1101,0,0							
18377	11	1	1	0	0,0,0,0,1101							
18726	2	1	1	0	0,1101,0,0,0							
18726	11	1	1	0	0,0,0,0,1101							
19075	3	1	1	0	1101,0,1206,0,0							
19075	11	1	1	0	0,0,0,0,1101							
19424	4	1	1	0	0,1101,0,0,0							
19424	11	1	1	0	0,0,0,0,1101							
19773	5	1	1	0	0,0,1101,0,0							
19773	11	1	1	0	0,0,0,0,1101							
20122	6	1	1	0	0,0,0,1101,0							
20122	11	1	1	0	0,0,0,0,1101							
20819	5	1	1	0	0,0,0,0,1101							
21168	5	1	1	0	0,0,0,0,1101							
21517	5	1	1	0	0,0,0,0,1101							
22215	4	1	1	0	0,0,0,0,1101							
22215	2	1	1	0	1101,0,0,0,0							
22563	4	1	1	0	0,0,1206,0,1101							
22563	2	1	1	0	1101,0,0,0,0							
22912	4	1	1	0	0,0,0,0,1101							
22912	2	1	1	0	1101,0,0,0,0							
23610	3	1	1	0	0,0,1101,0,0							
23959	3	1	1	0	1204,0,1101,0,1205							
24308	3	1	1	0	0,0,1101,0,0							
25005	2	1	1	0	0,1101,0,0,0							
25354	2	1	1	0	0,1101,0,1205,0							
25703	2	1	1	0	0,1101,0,0,0							
26749	1	1	1	0	1101,0,0,0,0							
27098	2	1	1	0	0,1101,0,0,0							
27447	3	1	1	0	0,0,1101,0,0							
27796	4	1	1	0	0,0,0,1101,0							
28145	5	1	1	0	0,0,0,0,1101							
28494	1	1	1	0	0,0,1302,0,0							
29540	11	1	1	0	0,0,1101,0,0							
29889	11	1	1	0	0,0,1101,0,0							
30238	11	1	1	0	0,1800,0,1101,0							
30587	11	1	1	0	0,0,1101,0,0							
30935	11	1	1	0	0,0,1101,0,0							
31982	11	1	1	0	0,0,0,1101,0							
32331	9	1	1	0	0,0,1101,0,0							
32680	9	1	1	0	0,0,1101,0,0							
33377	8	1	1	0	0,1101,0,0,0							
33726	8	1	1	0	0,1101,0,0,0							
34000	1	1	1	0	0,0,1601,0,0							
34075	6	1	1	0	1101,0,0,0,0							
34200	1	1	1	0	0,1601,1601,1601,0							
34400	1	1	1	0	0,1601,1601,1601,0							
34600	1	1	1	0	0,0,1601,0,0							
34773	6	1	1	0	1101,0,0,0,0							
35122	5	1	1	0	0,1101,0,0,0							
35470	5	1	1	0	0,1101,0,0,0							
36168	4	1	1	0	0,0,1101,0,0							
36517	4	1	1	0	0,0,1101,0,0							
36800	1	1	1	0	1601,1601,0,0,1601							
36866	3	1	1	0	0,0,0,1101,0							
37000	1	1	1	0	1601,1601,1601,0,1601							
37200	1	1	1	0	1601,1601,0,0,0							
37563	2	1	1	0	0,0,0,0,1101							
37563	11	1	1	0	0,0,1101,0,0							
37563	4	1	1	0	1101,0,0,0,0							
