Test										
StartTime	HairColor	AIHairColor	ShockEffect	SoundEffect	Line	Stair	movable	progress	door	decorate
2147	3	1	1	0	0,0,1101,0,0					
2946	3	1	1	0	1800,1101,0,0,0					
3745	3	1	1	0	0,0,0,1101,1801					
4500	1	1	1	0	0,0,0,0,0				1901_4_3_10,1909_1_1	
5200	1	1	1	0	1601,0,1601,1601,1601					
5343	1	1	1	0	0,1402,0,0,0					
5400	1	1	1	0	1601,0,1601,1601,1601					
5600	1	1	1	0	1601,0,1601,1601,1601					
5743	8	1	1	0	0,1101,0,0,0					
5800	1	1	1	0	1601,0,1601,1601,1601					
5943	8	1	1	0	0,1101,0,0,0					
6800	1	1	1	0	1601,1601,0,0,0					
6942	6	1	1	0	0,0,0,1101,0					
7000	1	1	1	0	1601,1601,0,0,0					
7200	1	1	1	0	1601,1601,0,0,0					
7341	6	1	1	0	0,0,1101,0,0					
7400	1	1	1	0	1601,1601,0,0,0					
7600	1	1	1	0	1601,1601,0,0,0					
7741	6	1	1	0	0,0,0,1101,0					
7800	1	1	1	0	1601,1601,0,0,0					
8000	1	1	1	0	1601,1601,0,0,0					
8140	6	1	1	0	0,0,0,0,1101					
8540	4	1	1	0	0,0,1803,1101,0					
9339	4	1	1	0	0,1101,0,0,1803					
10138	4	1	1	0	0,0,1101,0,0					
10937	4	1	1	0	0,0,1101,0,0			star		
11600	1	1	1	0	1601,1601,1601,0,0					
11737	3	1	1	0	0,0,0,1101,0					
11800	1	1	1	0	1601,1601,1601,0,0					
12000	1	1	1	0	1601,1601,1601,0,0					
12136	3	1	1	0	0,0,0,1101,0					
12200	1	1	1	0	1601,1601,1601,0,0					
12336	3	1	1	0	0,0,0,1101,0					
13200	1	1	1	0	0,0,1601,1601,1601					2002,0
13335	6	1	1	0	0,0,0,0,0					
13400	1	1	1	0	0,0,1601,1601,1601					
13600	1	1	1	0	0,0,1601,1601,1601					
13734	6	1	1	0	0,0,0,0,0					
13800	1	1	1	0	0,0,1601,1601,1601					
13934	6	1	1	0	0,0,0,0,0					
14933	9	1	1	0	0,0,0,1101,0					
15732	9	1	1	0	0,1101,0,0,0					
16531	9	1	1	0	0,0,1101,0,0					
16731	1	1	1	0	0,0,1401,0,0					
17331	12	1	1	0	1101,1101,1101,0,0					
17730	12	1	1	0	0,0,1101,1101,1101					
18130	1	1	1	0	0,0,1301,0,0					
18529	12	1	1	0	0,1101,1101,1101,0					
18729	12	1	1	0	0,1101,1101,1101,0					
19728	8	1	1	0	0,1101,0,0,0					
20128	8	1	1	0	1101,0,1101,0,0					
20527	8	1	1	0	0,1204,0,1101,0					
20927	8	1	1	0	1101,0,1101,0,0					
21326	8	1	1	0	0,1101,0,0,0			star		
22126	8	1	1	0	0,0,0,1101,0					
22525	8	1	1	0	0,1206,0,1101,0					
22725	8	1	1	0	0,0,0,1101,0					
23724	1	1	1	0	0,0,1302,0,0					
24523	12	1	1	0	0,0,1101,0,0					
24923	4	1	1	0	1101,0,0,0,0					
25122	4	1	1	0	1101,0,0,1202,0					
25322	4	1	1	0	1101,0,0,0,0					
24923	4	1	1	0	0,1101,0,0,0					
25122	4	1	1	0	0,1101,0,0,0					
25322	4	1	1	0	0,1101,0,0,0					
26000	1	1	1	0	1601,1601,1601,0,0					
26121	3	1	1	0	0,0,0,1101,0					
26200	1	1	1	0	1601,1601,1601,0,0					
26321	3	1	1	0	0,0,0,1101,0					
26400	1	1	1	0	1601,1601,1601,0,0					
26600	1	1	1	0	1601,1601,1601,0,0					
26800	1	1	1	0	1601,1601,1601,0,0					
26920	3	1	1	0	0,0,0,1101,0					
27720	8	1	1	0	0,0,0,0,0				1901_8_4_2,1901_9_1_40	
28519	8	1	1	0	1800,1101,0,0,0					
29318	8	1	1	0	0,0,0,1101,1801					
30117	8	1	1	0	0,0,1101,0,0					
30916	8	1	1	0	0,1101,0,0,0					
31715	8	1	1	0	0,0,1101,0,0					
32514	8	1	1	0	0,0,0,1101,0					
32514	4	1	1	0	1101,0,0,0,0					
32514	3	1	1	0	0,1101,0,0,0					
32514	12	1	1	0	0,0,1101,0,0					
32514	6	1	1	0	0,0,0,0,1101			star		
