Test										
StartTime	HairColor	AIHairColor	ShockEffect	SoundEffect	Line	Stair	movable	progress	door	decorate
1543	11	1	1	0	0,0,1101,0,0					
2466	11	1	1	0	0,0,1101,0,0					
2928	2	1	1	0	0,1101,0,0,0					
3159	3	1	1	0	0,1101,0,1802,0					
3389	4	1	1	0	0,1101,0,0,0					
3620	5	1	1	0	0,1101,0,0,0					
4200	1	1	1	0	1601,1601,0,0,0					
4313	1	1	1	0	0,0,1402,0,0					
4400	1	1	1	0	1601,1601,0,0,0					
4600	1	1	1	0	1601,1601,0,0,0					
4774	4	1	1	0	0,0,0,1101,0					
4800	1	1	1	0	1601,1601,0,0,0					
5000	1	1	1	0	1601,1601,0,0,0					
5200	1	1	1	0	1601,1601,0,0,0					
5236	4	1	1	0	0,0,1101,0,1802					
5400	1	1	1	0	1601,1601,0,0,0					
5600	1	1	1	0	1601,1601,0,0,0					
5697	4	1	1	0	0,0,0,0,1101					
5800	1	1	1	0	1601,1601,0,0,0					
6000	1	1	1	0	1601,1601,0,0,0					
6159	4	1	1	0	0,0,0,1101,0					
7082	2	1	1	0	0,0,1101,0,0					
7543	2	1	1	0	0,1101,0,1802,0					
8005	2	1	1	0	1101,0,0,0,0					
8928	5	1	1	0	0,0,1101,0,0					
9389	5	1	1	0	0,0,0,0,0			star		
10289	1	1	1	0	0,0,1210,0,0					
10800	11	1	1	0	0,0,0,0,0				1904_1_1,0	
11600	1	1	1	0	0,0,0,1601,1601					
11697	1	1	1	0	0,0,1101,0,0					
11800	1	1	1	0	0,0,0,1601,1601					
12000	1	1	1	0	0,0,0,1601,1601					
12159	1	1	1	0	0,1101,0,0,1803					
12200	1	1	1	0	0,0,0,1601,1601					
12400	1	1	1	0	0,0,0,1601,1601					
12600	1	1	1	0	0,0,0,1601,1601					
12620	1	1	1	0	1101,0,0,0,1803					
12800	1	1	1	0	0,0,0,1601,1601					
13000	1	1	1	0	0,0,0,1601,1601					
13082	1	1	1	0	0,0,1101,0,0					
13200	1	1	1	0	0,0,0,1601,1601					
13400	1	1	1	0	0,0,0,1601,1601					
13543	1	1	1	0	0,1101,0,0,0					
14466	11	1	1	0	0,0,1101,0,0					2002,0
14928	11	1	1	0	0,0,0,1101,0					
15389	1	1	1	0	0,0,0,0,1101					
15851	2	1	1	0	0,1202,0,1101,0					
16313	3	1	1	0	0,0,1101,0,0					
16774	4	1	1	0	0,1101,0,0,0					
17236	5	1	1	0	1402,0,0,0,0					
17697	11	1	1	0	0,0,1101,0,0					
18159	11	1	1	0	0,0,1101,0,0					
18620	1	1	1	0	0,0,1101,0,0					
19082	1	1	1	0	0,0,1301,0,0					
19543	8	1	1	0	0,0,1101,0,0					
20005	8	1	1	0	0,0,1101,0,0					
20466	4	1	1	0	0,1101,0,1206,0			star		
20928	4	1	1	0	0,1101,0,0,0					
21851	3	1	1	0	1101,0,0,0,0					
22313	3	1	1	0	0,1101,0,1205,0					
22774	3	1	1	0	0,0,1101,0,0					
23697	11	1	1	0	0,0,0,1101,0					
24159	10	1	1	0	0,1101,0,0,0					
24620	1	1	1	0	0,0,1302,0,0					
25543	12	1	1	0	0,0,1101,0,0					
26466	3	1	1	0	0,0,1101,0,0					
26928	3	1	1	0	0,1800,0,0,1101					
27389	3	1	1	0	0,0,1101,0,0					
27851	3	1	1	0	1101,0,0,1801,0					
28313	3	1	1	0	0,0,1101,0,0					
29200	1	1	1	0	1601,0,0,0,1601					
29236	4	1	1	0	0,0,1802,1101,0					
29400	1	1	1	0	1601,0,0,0,1601					
29600	1	1	1	0	1601,0,0,0,1601					
29697	4	1	1	0	0,0,0,1101,0					
29800	1	1	1	0	1601,0,0,0,1601					
30000	1	1	1	0	1601,0,0,0,1601					
30159	3	1	1	0	0,0,1101,0,1802					
30200	1	1	1	0	1601,0,0,0,1601					
30400	1	1	1	0	1601,0,0,0,1601					
30600	1	1	1	0	1601,0,0,0,1601					
30620	3	1	1	0	0,0,1101,0,0					
30800	1	1	1	0	1601,0,0,0,1601					
31000	1	1	1	0	1601,0,0,0,1601					
31082	4	1	1	0	0,1101,0,1802,0					
31200	1	1	1	0	1601,0,0,0,1601					
31400	1	1	1	0	1601,0,0,0,1601					
31543	4	1	1	0	0,1101,0,0,0					
32005	4	1	1	0	0,1101,0,0,0					
32005	3	1	1	0	1101,0,0,0,0					
32005	11	1	1	0	0,0,1101,0,0					
32005	8	1	1	0	0,0,0,1101,0					
32005	6	1	1	0	0,0,0,0,1101			star		