Test										
StartTime	HairColor	AIHairColor	ShockEffect	SoundEffect	Line	Stair	movable	progress	door	decorate
400	1	1	1	0	0,0,0,0,0	0,1501,1501,1501,0				
593	8	1	1	0	0,0,1101,0,0					
1324	4	1	1	0	0,1101,0,0,0					
2056	4	1	1	0	0,0,0,1101,0					
2788	9	1	1	0	0,1101,0,0,0					
3200	1	1	1	0	0,0,0,1803,0	0,1505,1505,1505,0				
3519	9	1	1	0	0,0,0,1101,0					
4251	6	1	1	0	0,0,1101,0,0					
4983	6	1	1	0	0,0,1101,0,0					
5349	8	1	1	0	0,0,1101,0,0					
5714	8	1	1	0	0,1101,0,0,0					
6080	8	1	1	0	0,0,1101,0,0					
6446	1	1	1	0	0,0,0,1402,0					
7178	10	1	1	0	0,1101,0,0,0					
7800	1	1	1	0	0,0,0,0,0		0,1701,1701,1701,0			
7910	8	1	1	0	0,0,1101,0,0					
8000	1	1	1	0	0,0,0,0,0		0,1701,1701,1701,0			
8200	1	1	1	0	0,0,0,0,0		0,1701,1701,1701,0			
8275	8	1	1	0	0,0,1101,0,0					
8400	1	1	1	0	0,0,0,0,0		0,1701,1701,1701,0			
8600	1	1	1	0	0,0,0,0,0		0,1701,1701,1701,0			
8641	8	1	1	0	0,0,1101,0,0					
8800	1	1	1	0	0,0,0,0,0		0,1701,1701,1701,0			
9373	6	1	1	0	0,0,1101,0,0					
9739	6	1	1	0	0,1101,0,0,0					
10105	6	1	1	0	1101,0,0,0,0			star		
10836	4	1	1	0	0,1800,1101,0,0					
11568	4	1	1	0	0,0,0,0,1101					
12200	4	1	1	0	0,0,0,0,0				1901_4_1_30,1903_1_1	
13000	1	1	1	0	1601,0,0,1601,1601					
13032	9	1	1	0	0,1101,0,0,1803					
13200	1	1	1	0	1601,0,0,1601,1601					
13397	9	1	1	0	0,1101,0,0,1803					
13400	1	1	1	0	1601,0,0,1601,1601					
13600	1	1	1	0	1601,0,0,1601,1601					
13763	9	1	1	0	0,1101,0,0,1803					
13800	1	1	1	0	1601,0,0,1601,1601					
14495	3	1	1	0	1800,1101,0,0,0					
15277	3	1	1	0	0,0,1101,0,0					
15900	1	1	1	0	0,0,0,0,1601					
15958	6	1	1	0	0,0,0,1101,0					2002,0
16000	1	1	1	0	0,0,0,0,1601					
16200	1	1	1	0	0,0,0,0,1601					
16324	6	1	1	0	0,0,0,1101,0					
16400	1	1	1	0	0,0,0,0,1601					
16600	1	1	1	0	0,0,0,0,1601					
16690	6	1	1	0	0,0,0,1101,0					
17422	11	1	1	0	0,0,1101,0,0					
18153	1	1	1	0	0,0,1301,0,0					
18885	11	1	1	0	0,0,1101,0,0					
19617	4	1	1	0	0,1101,0,1206,0					
20349	4	1	1	0	0,1206,0,1101,0			star		
21080	4	1	1	0	0,1101,0,1206,0					
21812	4	1	1	0	0,1206,0,1101,0					
22544	9	1	1	0	0,0,1101,0,0					
23275	11	1	1	0	0,0,1101,0,0					
24007	1	1	1	0	0,0,0,1101,0					
24373	2	1	1	0	0,0,1101,0,0					
24739	3	1	1	0	0,1101,0,1205,0					
25105	4	1	1	0	0,0,1101,0,0					
25471	5	1	1	0	0,0,0,1101,0					
26202	11	1	1	0	0,0,1101,0,0					
26934	5	1	1	0	0,1101,0,0,0					
27300	4	1	1	0	0,0,1101,0,0					
27666	3	1	1	0	0,1204,0,1101,0					
28032	2	1	1	0	0,0,1101,0,0					
28397	1	1	1	0	0,1101,0,0,0					
28763	1	1	1	0	0,0,1302,0,0					
29861	1	1	1	0	1800,1101,0,0,1801					
30044	2	1	1	0	0,1101,0,0,0					
30227	3	1	1	0	1800,1101,0,0,1801					
30410	4	1	1	0	0,1101,0,0,0					
30775	5	1	1	0	0,0,0,0,0					
30958	11	1	1	0	0,0,1101,0,0					
30958	6	1	1	0	1101,0,0,0,0					
30958	7	1	1	0	0,1101,0,0,0					
30958	8	1	1	0	0,0,0,1101,0					
30958	9	1	1	0	0,0,0,0,1101			star		
