Test										
StartTime	HairColor	AIHairColor	ShockEffect	SoundEffect	Line	Stair	movable	progress	door	decorate
2002	3	1	1	0	0,1101,0,0,0					
2614	3	1	1	0	0,1101,0,0,0					
3226	2	1	1	0	0,0,1101,0,0					
3839	2	1	1	0	0,0,0,1101,0					
4451	5	1	1	0	0,0,0,0,1101					
5063	5	1	1	0	0,0,0,0,1101					
5675	4	1	1	0	0,0,0,1101,0					
6288	4	1	1	0	0,0,1101,0,0					
6900	8	1	1	0	0,1101,0,0,0					
7512	8	1	1	0	0,1101,0,0,0					
8124	1	1	1	0	0,0,1402,0,0					
8737	4	1	1	0	0,0,0,1101,0					
8737	2	1	1	0	0,1101,0,0,0					
9043	4	1	1	0	0,0,0,1101,0					
9043	2	1	1	0	0,1101,0,0,0					
9200	1	1	1	0	0,0,0,0,0	0,0,0,1501,1501				
9349	8	1	1	0	0,0,0,1101,0					
9349	5	1	1	0	0,1101,0,0,0					
9961	8	1	1	0	0,0,0,1101,0					
9961	5	1	1	0	0,1101,0,0,0					
10267	1	1	1	0	0,1202,0,0,0					
10573	4	1	1	0	0,0,0,0,1101					
10573	2	1	1	0	0,0,1101,0,0					
10880	8	1	1	0	0,0,0,1800,1101					
10880	5	1	1	0	0,0,1101,0,0					
11186	4	1	1	0	0,0,0,0,1101					
11186	2	1	1	0	0,0,1101,0,0					
11798	8	1	1	0	0,0,0,1101,0					
11798	5	1	1	0	0,1101,0,0,0					
12410	8	1	1	0	0,0,0,0,1101			star		
12410	5	1	1	0	1101,0,0,0,0					
12716	1	1	1	0	0,1202,0,0,0					
13022	8	1	1	0	0,0,0,1101,0					
13022	5	1	1	0	0,1101,0,0,0					
13329	4	1	1	0	0,0,0,1101,1801					
13329	2	1	1	0	0,1101,0,0,0					
13600	1	1	1	0	0,0,0,0,0	0,0,0,1505,1505				
13635	8	1	1	0	0,0,0,1101,0					
13635	5	1	1	0	0,1101,0,0,0					
14247	4	1	1	0	0,0,0,0,1101					
14247	2	1	1	0	0,0,1101,0,0					
14859	4	1	1	0	0,0,0,1101,0					
14859	2	1	1	0	0,1101,0,0,0					
15165	1	1	1	0	0,1202,0,0,0					
15471	4	1	1	0	0,0,0,0,1101					
15471	2	1	1	0	0,0,1101,0,0					
15777	8	1	1	0	0,0,0,1800,1101					
15777	5	1	1	0	0,0,1101,0,0					
16084	4	1	1	0	0,0,0,0,1101					
16084	2	1	1	0	0,0,1101,0,0					
16696	10	1	1	0	0,0,0,1101,0					
16696	11	1	1	0	0,1101,0,0,0					
17308	10	1	1	0	0,0,0,1101,0					
17308	11	1	1	0	1101,0,0,0,0					
17920	10	1	1	0	0,0,0,1101,0					
17900	11	1	1	0	0,0,0,0,0				1907_1_1,0	
18533	1	1	1	0	0,0,1401,0,0					
19145	2	1	1	0	0,1101,0,1202,0					
19451	5	1	1	0	1101,0,0,0,0					
19757	2	1	1	0	0,1101,0,0,0					
19145	5	1	1	0	1101,0,0,0,0					
19451	2	1	1	0	0,1101,0,0,0					
19757	5	1	1	0	1101,0,0,0,0					
20369	2	1	1	0	0,1800,0,1101,0					
20982	4	1	1	0	0,0,1101,0,1801					
21594	4	1	1	0	0,0,0,0,1101					2003,0
21900	8	1	1	0	0,0,0,1101,0					
22206	4	1	1	0	0,1201,0,0,1101					
21594	8	1	1	0	0,1201,0,1101,0					
21900	4	1	1	0	0,1201,0,0,1101					
22206	8	1	1	0	0,0,0,1101,0					
22818	4	1	1	0	0,0,1101,0,1801					
23431	5	1	1	0	0,1800,0,1101,0					
24043	5	1	1	0	0,1101,0,1202,0			star		
24349	2	1	1	0	1101,0,0,0,0					
24655	5	1	1	0	0,1101,0,0,0					
24043	2	1	1	0	1101,0,0,0,0					
24349	5	1	1	0	0,1101,0,0,0					
24655	2	1	1	0	1101,0,0,0,0					
25267	5	1	1	0	0,1800,0,1101,0					
25880	8	1	1	0	0,0,1101,0,1801					
26492	8	1	1	0	0,1202,0,1101,0					
26798	4	1	1	0	0,0,0,0,1101					
27104	8	1	1	0	0,0,0,1101,0					
26492	4	1	1	0	0,0,0,0,1101					
26798	8	1	1	0	0,0,0,1101,0					
27104	4	1	1	0	0,0,0,0,1101					
27716	10	1	1	0	0,0,0,0,0					
28616	1	1	1	0	0,0,1210,0,0					
28941	10	1	1	0	0,0,1101,0,0					
29553	11	1	1	0	0,0,1101,0,0					
30000	1	1	1	0	1601,1601,1601,0,1601					
30165	10	1	1	0	0,0,0,1101,0					
30200	1	1	1	0	1601,1601,1601,0,1601					
30400	1	1	1	0	1601,1601,1601,0,1601					
30471	11	1	1	0	0,0,0,1101,0					
30600	1	1	1	0	1601,1601,1601,0,1601					
30778	10	1	1	0	0,0,0,1101,0					
31390	10	1	1	0	0,0,1800,0,1101					
32002	11	1	1	0	0,0,1101,0,1801					
32600	1	1	1	0	1601,0,1601,1601,1601					
32614	11	1	1	0	0,1101,0,0,0					
32800	1	1	1	0	1601,0,1601,1601,1601					
32920	10	1	1	0	0,1101,0,0,0					
33000	1	1	1	0	1601,0,1601,1601,1601					
33200	1	1	1	0	1601,0,1601,1601,1601					
33226	11	1	1	0	0,1101,0,0,0					
33839	11	1	1	0	1101,0,1801,0,0					
34451	10	1	1	0	1800,0,1101,0,0					
35000	1	1	1	0	1601,1601,1601,0,1601					
35063	10	1	1	0	0,0,0,1101,0					
35200	1	1	1	0	1601,1601,1601,0,1601					
35369	11	1	1	0	0,0,0,1101,0					
35400	1	1	1	0	1601,1601,1601,0,1601					
35600	1	1	1	0	1601,1601,1601,0,1601					
35675	10	1	1	0	0,0,0,1101,0					
36288	10	1	1	0	0,0,1101,0,0					
36900	11	1	1	0	0,1101,0,0,0					
36900	10	1	1	0	0,0,0,1101,0			star		
