Test												
StartTime	HairColor	AIHairColor	ShockEffect	SoundEffect	Line	LineType	SkyLine	Stair	movable	progress	door	decorate
1507	4	1	1	0	0,0,2101,0,0							
1507	1	1	1	0	0,0,0,0,0							
2800	1	1	1	0	0,0,0,0,0	1	11111					
3700	8	1	1	0	0,0,0,0,0						1903_1_1,1905_1_1	
3729	1	1	1	0	0,0,0,0,0	1					1902_8_1_100,0	
4285	4	1	1	0	0,1101,0,0,0							
4285	8	1	1	0	0,0,1101,0,0	1						
4563	4	1	1	0	0,1101,0,0,0							
4563	8	1	1	0	0,0,1101,0,0	1						
5200	1	1	1	0	0,0,0,0,0	1	11111					
5200	1	1	1	0	0,0,0,0,0	1	10001					
5396	3	1	1	0	0,0,1101,0,0							
5396	4	1	1	0	0,0,0,0,1101	1						
5951	3	1	1	0	0,0,0,0,1101							
5951	4	1	1	0	0,0,0,0,1101	1						
6400	1	1	1	0	0,0,0,0,0	1	10001					
6400	1	1	1	0	0,0,0,0,0	1	11111					
6507	8	1	1	0	0,0,0,1101,0							
6507	8	1	1	0	0,1202,0,1101,0	1						
6785	8	1	1	0	0,0,0,1101,0							
6785	8	1	1	0	0,0,0,1101,0	1						
7063	1	1	1	0	0,0,0,1402,0							
7600	1	1	1	0	0,0,0,0,0	1	11111					
7600	1	1	1	0	0,0,0,0,0	1	10001					
7600	1	1	1	0	0,0,0,1601,1601							
7618	4	1	1	0	0,0,1101,1801,0							
7618	8	1	1	0	1101,0,0,0,0	1						
7800	1	1	1	0	0,0,0,1601,1601							
7896	4	1	1	0	0,0,1101,0,0							
7896	8	1	1	0	1101,0,0,0,0	1						
8000	1	1	1	0	0,0,0,1601,1601							
8174	8	1	1	0	0,1101,1801,0,0							
8174	9	1	1	0	1101,0,0,0,0	1						
8200	1	1	1	0	0,0,0,1601,1601							
8400	1	1	1	0	0,0,0,1601,1601							
8451	8	1	1	0	0,1101,0,0,0							
8451	9	1	1	0	1101,0,0,0,0	1						
8600	1	1	1	0	0,0,0,1601,1601					star		
8729	4	1	1	0	1101,1801,0,0,0							
8729	6	1	1	0	1101,0,0,0,0	1						
8800	1	1	1	0	0,0,0,1601,1601							
9000	1	1	1	0	0,0,0,1601,1601							
9007	4	1	1	0	1101,0,0,0,0							
9007	6	1	1	0	1101,0,0,0,0	1						
9600	1	1	1	0	0,0,0,0,0	1	10001					
9600	1	1	1	0	0,0,0,0,0	1	11111					
9840	6	1	1	0	0,1101,0,0,0							
9840	3	1	1	0	0,0,1101,0,0	1						
10000	1	1	1	0	0,0,0,0,0	1	11111					
10000	1	1	1	0	0,0,0,0,0	1	01110					
10396	6	1	1	0	0,0,0,1101,0							
10396	3	1	1	0	0,0,1101,0,0	1						
10951	8	1	1	0	0,0,1101,0,0							
10951	3	1	1	0	0,0,1101,0,0	1						
11200	1	1	1	0	0,0,0,0,0	1	01110					
11229	8	1	1	0	0,0,1101,0,0							
12000	1	1	1	0	0,0,0,0,0			0,1501,1501,1501,1501				
12063	6	1	1	0	0,1101,0,0,1802							
12200	1	1	1	0	0,0,0,0,0			0,1503,1503,1503,1503				
12340	6	1	1	0	0,1101,0,0,0							
12618	8	1	1	0	0,0,1101,0,0							
12896	8	1	1	0	0,0,1101,0,0							
13174	6	1	1	0	0,0,0,1101,0							
13451	6	1	1	0	0,0,0,1101,0							
14285	1	1	1	0	0,0,1401,0,0							
14840	8	1	1	0	0,0,1101,0,0							2003,0
15396	8	1	1	0	0,0,1101,1101,1101							
15674	8	1	1	0	0,0,1101,1101,1101							
16507	4	1	1	0	0,0,1101,1101,0							
16785	8	1	1	0	0,1201,0,1101,1101							
17063	4	1	1	0	0,0,1101,1101,0							
17340	8	1	1	0	0,1101,1101,0,1201							
17618	4	1	1	0	0,0,1101,1101,0							
17896	8	1	1	0	0,0,0,1101,1101					star		
18000	1	1	1	0	0,0,0,0,0			0,1505,1505,1505,1505				
18729	6	1	1	0	0,1101,0,0,0							
19285	6	1	1	0	0,0,0,1101,0							
19840	4	1	1	0	0,0,1101,0,0							
20118	4	1	1	0	0,0,1101,0,0							
20800	1	1	1	0	0,0,0,0,0				0,1701,1701,0,0			
20951	8	1	1	0	0,0,1101,0,0							
21000	1	1	1	0	0,0,0,0,0				0,1701,1701,0,0			
21200	1	1	1	0	0,0,0,0,0				0,1701,1701,0,0			
21229	6	1	1	0	0,0,1101,0,0							
21400	1	1	1	0	0,0,0,0,0				0,1701,1701,0,0			
21507	8	1	1	0	0,0,1101,0,0							
21600	1	1	1	0	0,0,0,0,0				0,1701,1701,0,0			
21785	6	1	1	0	0,0,1101,0,0							
21800	1	1	1	0	0,0,0,0,0				0,1701,1701,0,0			
22000	1	1	1	0	0,0,0,0,0				0,1701,1701,0,0			
22063	8	1	1	0	0,0,1101,0,0							
22200	1	1	1	0	0,0,0,0,0				0,1701,1701,0,0			
22340	6	1	1	0	0,0,1101,0,0							
22400	1	1	1	0	0,0,0,0,0				0,1701,1701,0,0			
23174	4	1	1	0	0,0,1101,1801,0							
23729	4	1	1	0	1800,1101,0,0,0							
24285	4	1	1	0	0,0,1101,1801,0							
24840	4	1	1	0	1800,1101,0,0,0							
25396	4	1	1	0	0,0,1101,0,0							
25951	4	1	1	0	0,0,0,1101,0							
26507	4	1	1	0	0,0,0,1101,0							
26507	8	1	1	0	1101,0,0,0,0							
26507	4	1	1	0	0,1101,0,0,0							
26507	10	1	1	0	0,0,1101,0,0							
26507	8	1	1	0	0,0,0,0,1101					star		
