Test		
StartTime	HairColor	AIHairColor	ShockEffect	SoundEffect	Line	Stair	movable	progress
1585	2	1	1	0	1101,1201,0,0,0			
2069	2	1	1	0	0,1101,1201,0,0			
2553	2	1	1	0	0,0,1101,1201,0			
2795	2	1	1	0	0,0,1101,0,1202			
3037	2	1	1	0	0,0,1101,0,0			
3279	4	1	1	0	0,1101,0,1101,0			
3400	4	1	1	0	0,0,1601,0,0			
3521	4	1	1	0	1101,0,0,0,1101			
3600	4	1	1	0	0,0,1601,0,0			
3800	4	1	1	0	0,0,1601,0,0			
4000	4	1	1	0	0,0,1601,0,0			
4005	6	1	1	0	0,1101,0,1101,0			
4200	6	1	1	0	0,0,1601,0,0			
4489	6	1	1	0	0,0,1101,0,0			
4730	6	1	1	0	0,0,0,1101,0			
4972	6	1	1	0	0,0,1101,0,0			
5214	8	1	1	0	0,1101,0,0,0			
5400	8	1	1	0	0,0,1601,0,1601			
5456	8	1	1	0	1101,0,0,0,0			
5600	8	1	1	0	0,0,1601,0,1601			
5800	8	1	1	0	0,0,1601,0,1601			
5940	8	1	1	0	1101,0,0,1101,0			
6000	8	1	1	0	0,0,1601,0,1601			
6200	8	1	1	0	0,0,1601,0,1601			
6400	10	1	1	0	0,0,1601,0,1601			
6424	10	1	1	0	1101,0,0,0,0			
6600	10	1	1	0	0,0,1601,0,1601			
6908	10	1	1	0	0,1101,0,0,0			
7150	10	1	1	0	0,0,1101,0,0			
7392	10	1	1	0	0,0,1101,0,0			
7876	10	1	1	0	0,0,0,1101,0			
8360	12	1	1	0	0,0,1101,0,0			
8843	12	1	1	0	0,1401,0,0,0			
9200	12	1	1	0	0,0,1601,0,0			
9327	12	1	1	0	1101,1101,0,0,0			
9400	12	1	1	0	0,0,1601,0,0			
9569	12	1	1	0	1101,1101,0,0,0			
9600	12	1	1	0	0,0,1601,0,0			
9800	12	1	1	0	0,0,1601,0,0			
9811	12	1	1	0	1101,1101,0,0,0			
10000	12	1	1	0	0,0,1601,0,0			
10295	12	1	1	0	1101,1101,0,0,0			
10779	1	1	1	0	1101,1101,0,0,0			star
11263	1	1	1	0	0,0,1101,1201,0			
11747	1	1	1	0	0,0,0,1101,0			
12200	1	1	1	0	1601,0,1601,0,0			
12230	1	1	1	0	0,1101,0,0,1101			
12400	1	1	1	0	1601,0,1601,0,0			
12472	3	1	1	0	0,0,0,0,1101			
12472	9	1	1	0	0,1101,0,0,0			
12600	3	1	1	0	1601,0,1601,0,0			
12714	3	1	1	0	0,0,0,0,1101			
12714	10	1	1	0	0,1101,0,0,0			
12800	3	1	1	0	1601,0,1601,0,0			
12956	3	1	1	0	0,0,0,1101,0			
13198	5	1	1	0	0,0,1101,0,0			
13682	5	1	1	0	0,1101,0,0,0			
14166	5	1	1	0	0,0,1101,0,0			
14650	5	1	1	0	0,0,1101,0,0			
15134	5	1	1	0	0,0,0,1101,0			
15376	5	1	1	0	0,0,0,1101,0			
15618	5	1	1	0	0,0,0,0,1101			
15860	3	1	1	0	0,0,0,0,1101			
16585	10	1	1	0	0,0,1101,0,0			
17069	9	1	1	0	1101,0,0,0,0			
17553	11	1	1	0	0,1101,0,0,0			
18037	11	1	1	0	0,0,1101,0,0			
18279	9	1	1	0	0,0,1101,0,0			
18521	9	1	1	0	0,0,1101,0,0			
18763	9	1	1	0	0,0,0,1101,0			
19005	9	1	1	0	0,0,1301,0,0			
19489	9	1	1	0	1204,0,0,0,1101			
19972	9	1	1	0	0,0,0,0,1101			
20214	11	1	1	0	0,0,0,0,1101			
20456	11	1	1	0	0,0,0,0,1101			
20940	11	1	1	0	0,0,0,1101,0			
21424	11	1	1	0	0,0,1101,0,0			
21908	11	1	1	0	0,1101,0,0,1206			
22150	11	1	1	0	0,1101,0,0,0			
22392	2	1	1	0	0,1101,0,0,0			
22876	2	1	1	0	1101,0,0,0,0			
23360	2	1	1	0	0,1101,0,0,0			
23843	2	1	1	0	0,0,1101,0,0			star
24085	2	1	1	0	0,0,1101,0,0			
24327	2	1	1	0	0,0,1101,0,0			
24811	4	1	1	0	0,0,1302,0,0			
25295	4	1	1	0	0,0,1101,0,1202			
25779	4	1	1	0	0,1101,0,0,1202			
26021	4	1	1	0	0,1101,0,0,0			
26263	4	1	1	0	1101,0,0,0,0			
26505	4	1	1	0	1101,0,0,0,0			
26747	6	1	1	0	1101,0,0,0,0			
27230	6	1	1	0	0,0,1101,0,0			
27956	6	1	1	0	0,0,0,1101,0			
28198	6	1	1	0	0,0,0,1101,0			
28440	6	1	1	0	0,0,0,1101,0			
28682	8	1	1	0	0,0,0,1101,0			
29166	8	1	1	0	0,0,0,0,1101			
29650	8	1	1	0	0,0,1101,0,0			
30134	8	1	1	0	0,1101,0,0,0			
30376	8	1	1	0	0,1101,0,0,0			
30600	8	1	1	0	0,0,0,1601,1601			
30618	8	1	1	0	0,1101,0,0,0			
30800	8	1	1	0	0,0,0,1601,1601			
31000	10	1	1	0	0,0,0,1601,1601			
31101	10	1	1	0	1101,0,0,0,0			
31200	10	1	1	0	0,0,0,1601,1601			
31400	10	1	1	0	0,0,0,1601,1601			
31585	10	1	1	0	0,1101,0,0,0			
31600	10	1	1	0	0,0,0,1601,1601			
31800	10	1	1	0	0,0,0,1601,1601			
32000	12	1	1	0	0,0,0,1601,1601			
32069	12	1	1	0	0,0,1101,0,0			
32200	12	1	1	0	0,0,0,1601,1601			
32400	12	1	1	0	0,0,0,1601,1601			
32553	12	1	1	0	0,1101,0,0,0			
32600	12	1	1	0	0,0,0,1601,1601			
32800	12	1	1	0	0,0,0,1601,1601			
33000	12	1	1	0	0,0,0,1601,1601			
33037	12	1	1	0	0,0,1101,0,0			
33200	12	1	1	0	0,0,0,1601,1601			
33521	12	1	1	0	0,1101,0,0,0			
33763	11	1	1	0	0,0,1101,0,0			
34005	11	1	1	0	0,0,0,1101,0			
34489	11	1	1	0	1101,1101,1101,1101,1101			
34489	5	1	1	0	0,1101,0,0,0			
34489	3	1	1	0	0,0,1101,0,0			
34489	9	1	1	0	0,0,0,1101,0			
34489	10	1	1	0	0,0,0,0,1101			star