Test		
StartTime	HairColor	AIHairColor	ShockEffect	SoundEffect	Line	Stair	movable	progress
1605	2	1	1	0	0,1101,0,0,0			
2085	2	1	1	0	0,0,1101,0,0			
2565	2	1	1	0	0,0,0,1101,0			
2805	2	1	1	0	0,0,1202,0,1101			
3000	2	1	1	0	0,0,1301,0,0			
3045	2	1	1	0	0,0,1101,0,0			
3285	2	1	1	0	0,0,1101,0,0			
4005	4	1	1	0	0,1101,0,0,0			
4245	4	1	1	0	0,1101,0,0,0			
4485	4	1	1	0	1101,0,0,1205,0			
4725	6	1	1	0	1101,0,0,0,0			
4965	6	1	1	0	0,1101,0,0,0			
5205	8	1	1	0	0,1101,0,0,0			
5925	8	1	1	0	0,0,1101,0,0			
6405	8	1	1	0	0,0,0,1101,0			
7365	10	1	1	0	0,1204,0,0,1101			
7845	10	1	1	0	0,0,0,1101,0			
8325	12	1	1	0	0,0,1101,0,0			
8805	12	1	1	0	0,0,1101,0,0			
9285	12	1	1	0	0,0,1101,0,0			
9765	12	1	1	0	0,0,1101,0,0			
10245	12	1	1	0	0,1101,0,0,0			star
10485	12	1	1	0	0,1101,0,0,0			
10725	12	1	1	0	1101,0,0,0,0			
10965	1	1	1	0	1101,0,0,1205,0			
11685	1	1	1	0	0,1101,0,0,0			
12165	3	1	1	0	0,0,1101,0,0			
12405	3	1	1	0	0,0,1101,0,0			
12645	3	1	1	0	0,0,1101,0,0			
12885	3	1	1	0	0,0,1302,0,0			
13600	5	1	1	0	1601,1601,0,0,0			
13605	5	1	1	0	0,0,0,1101,0			
13800	5	1	1	0	1601,1601,0,0,0			
14000	5	1	1	0	1601,1601,0,0,0			
14085	5	1	1	0	0,0,0,0,1101			
14200	5	1	1	0	1601,1601,0,0,0			
14400	5	1	1	0	1601,1601,0,0,0			
14600	5	1	1	0	1601,1601,0,0,0			
14800	9	1	1	0	1601,1601,0,0,0			
15000	10	1	1	0	1601,1601,0,0,0			
15045	11	1	1	0	0,0,0,1101,0			
15200	3	1	1	0	1601,1601,0,0,0			
15525	9	1	1	0	0,0,1101,0,0			
16005	9	1	1	0	0,1101,0,0,0			
16245	9	1	1	0	0,1101,0,0,0			
16400	9	1	1	0	0,0,1601,0,0			
16485	9	1	1	0	1101,0,0,0,0			
16600	9	1	1	0	0,0,1601,0,0			
16725	11	1	1	0	1101,0,0,0,0			
16800	11	1	1	0	0,0,1601,0,0			
16965	11	1	1	0	1101,1101,0,0,0			
17000	11	1	1	0	0,0,1601,0,0			
17400	11	1	1	0	0,0,0,0,0	1501,1501,1501,0,0		
17445	11	1	1	0	0,0,1101,0,0			
17925	2	1	1	0	0,0,0,1201,1101			
18405	2	1	1	0	0,0,0,1101,1201			
18885	2	1	1	0	0,0,0,1101,0			
19000	2	1	1	0	0,0,0,0,0	1505,1505,1505,0,0		
19365	2	1	1	0	0,0,1101,0,0			
19845	2	1	1	0	0,1101,0,0,0			
20325	4	1	1	0	1101,0,0,0,0			
20565	4	1	1	0	1101,0,0,0,1201			
21285	4	1	1	0	0,1401,1201,0,0			
21600	4	1	1	0	0,0,0,0,1601			
21765	4	1	1	0	0,1101,1101,0,0			
21800	4	1	1	0	0,0,0,0,1601			
22000	6	1	1	0	0,0,0,0,1601			
22005	6	1	1	0	0,1101,1101,0,0			
22200	6	1	1	0	0,0,0,0,1601			
22245	6	1	1	0	0,1101,1101,0,0			
22400	6	1	1	0	0,0,0,0,1601			
22485	8	1	1	0	0,1101,1101,0,0			
22600	8	1	1	0	0,0,0,0,1601			
23205	8	1	1	0	0,0,0,1101,0			star
23445	8	1	1	0	0,0,0,1101,0			
24165	8	1	1	0	0,0,1101,0,0			
24405	8	1	1	0	0,0,1101,0,0			
25000	8	1	1	0	1601,1601,0,0,0			
25125	8	1	1	0	0,0,0,0,1101			
25200	10	1	1	0	1601,1601,0,0,0			
25400	10	1	1	0	1601,1601,0,0,0			
25600	10	1	1	0	1601,1601,0,0,0			
25605	10	1	1	0	0,0,0,1101,0			
25800	10	1	1	0	1601,1601,0,0,0			
25845	10	1	1	0	0,0,0,1101,0			
26000	10	1	1	0	1601,1601,0,0,0			
26085	12	1	1	0	0,0,1101,0,0			
26325	12	1	1	0	0,1101,0,0,0			
27045	12	1	1	0	0,0,1101,0,0			
27525	12	1	1	0	1101,0,0,0,0			
28000	12	1	1	0	0,0,1701,1701,0			
28005	12	1	1	0	0,1101,1201,0,0			
28200	12	1	1	0	0,0,1701,1701,0			
28245	12	1	1	0	0,1101,0,0,0			
28400	12	1	1	0	0,0,0,0,0		0,0,1701,1701,0	
28600	12	1	1	0	0,0,0,0,0		0,0,1701,1701,0	
28800	12	1	1	0	0,0,0,0,0		0,0,1701,1701,0	
28965	1	1	1	0	0,0,1101,0,0			
29000	1	1	1	0	0,0,0,0,0		0,0,1701,1701,0	
29200	1	1	1	0	0,0,0,0,0		0,0,1701,1701,0	
29400	1	1	1	0	0,0,0,0,0		0,0,1701,1701,0	
29445	1	1	1	0	0,0,1101,0,0			
29600	1	1	1	0	0,0,0,0,0		0,0,1701,1701,0	
29925	3	1	1	0	0,0,0,1101,0			
30405	3	1	1	0	0,0,1201,0,1101			
30885	3	1	1	0	0,0,0,1401,0			
31365	3	1	1	0	0,1101,1101,1101,0			
31605	3	1	1	0	0,0,1101,0,0			
32085	5	1	1	0	1101,0,0,0,0			
32085	3	1	1	0	0,0,1101,0,0			
32085	9	1	1	0	0,0,0,0,1101			
32325	3	1	1	0	1101,0,0,0,0			
32325	5	1	1	0	0,1101,0,0,0			
32325	9	1	1	0	0,0,1101,0,0			
32325	10	1	1	0	0,0,0,1101,0			
32325	11	1	1	0	0,0,0,0,1101			star