Test								
StartTime	HairColor	AIHairColor	ShockEffect	SoundEffect	Line	Stair	movable	progress
1565	2	1	1	0	0,0,1201,1101,0			
2184	2	1	1	0	0,0,1201,0,1101			
2802	2	1	1	0	0,1202,0,1101,0			
3421	2	1	1	0	0,0,1101,0,0			
4040	2	1	1	0	0,1101,0,0,0			
4658	2	1	1	0	0,0,1101,0,0			
5200	4	1	1	0	0,1601,1601,0,0			
5277	4	1	1	0	0,0,0,1101,0			
5400	4	1	1	0	0,1601,1601,0,0			
5586	4	1	1	0	0,0,0,1101,0			
5600	4	1	1	0	0,1601,1601,0,0			
5800	4	1	1	0	0,1601,1601,0,0			
5895	6	1	1	0	0,0,0,1101,0			
6000	6	1	1	0	0,1601,1601,0,0			
6200	6	1	1	0	0,1601,1601,0,0			
6400	6	1	1	0	0,1601,1601,0,0			
6514	6	1	1	0	0,0,0,0,1101			
6600	8	1	1	0	0,1601,1601,0,0			
7132	8	1	1	0	0,0,0,1101,0			
7751	8	1	1	0	0,0,1101,0,0			
8200	8	1	1	0	0,0,1601,0,1601			
8369	8	1	1	0	0,1101,0,0,0			star
8400	8	1	1	0	0,0,1601,0,1601			
8600	8	1	1	0	0,0,1601,0,1601			
8800	8	1	1	0	0,0,1601,0,1601			
8988	10	1	1	0	1101,1201,0,1101,0			
9000	10	1	1	0	0,0,1601,0,1601			
9200	10	1	1	0	0,0,1601,0,1601			
9400	10	1	1	0	0,0,1601,0,1601			
9600	10	1	1	0	0,0,1601,0,1601			
9607	10	1	1	0	1101,0,0,1101,0			
9800	10	1	1	0	0,0,1601,0,1601			
10000	12	1	1	0	0,0,1601,0,1601			
10200	12	1	1	0	0,0,1601,0,1601			
10225	12	1	1	0	0,1101,0,1101,0			
10400	12	1	1	0	0,0,1601,0,1601			
10534	12	1	1	0	0,1101,0,1101,0			
10600	12	1	1	0	0,0,1601,0,1601			
10800	12	1	1	0	0,0,1601,0,1601			
10844	12	1	1	0	0,1101,0,1101,0			
11000	12	1	1	0	0,0,1601,0,1601			
11462	12	1	1	0	0,0,0,1101,1101			
12081	12	1	1	0	0,0,0,1101,0			
12699	1	1	1	0	0,0,1101,0,0			
13318	1	1	1	0	0,0,0,1401,0	1501,1501,0,0,0		
13936	1	1	1	0	1101,1201,0,0,0			
14200	1	1	1	0	0,0,0,1601,0			
14246	1	1	1	0	1101,1101,1101,0,0			
14400	1	1	1	0	0,0,0,1601,0			
14555	3	1	1	0	1101,1101,1101,0,0	1505,1505,0,0,0		
14600	3	1	1	0	0,0,0,1601,0			
14800	3	1	1	0	0,0,0,1601,0			
14864	3	1	1	0	1101,1101,1101,0,0			
15000	3	1	1	0	0,0,0,1601,0			
15174	5	1	1	0	1101,1101,0,0,0			
15200	5	1	1	0	0,0,0,1601,0			
15792	5	1	1	0	0,0,0,1101,0			
16411	5	1	1	0	0,0,0,0,1101			
17029	5	1	1	0	0,0,0,1101,0			
17648	5	1	1	0	0,0,1101,0,0			
18266	5	1	1	0	0,0,0,1101,0			
18800	3	1	1	0	1601,1601,0,0,1601			
18885	5	1	1	0	0,0,1101,0,0			
19000	9	1	1	0	1601,1601,0,0,1601			
19194	10	1	1	0	0,0,1101,0,0			
19200	11	1	1	0	1601,1601,0,0,1601			
19400	9	1	1	0	1601,1601,0,0,1601			
19503	9	1	1	0	0,0,1101,0,0			
19600	9	1	1	0	1601,1601,0,0,1601			
19800	9	1	1	0	1601,1601,0,0,1601			
19813	9	1	1	0	0,0,1101,0,0			
20000	9	1	1	0	1601,1601,0,0,1601			
20431	11	1	1	0	0,1101,0,0,0			
20741	11	1	1	0	0,1101,0,0,0			
21050	11	1	1	0	1101,0,0,0,0			
21200	11	1	1	0	0,0,1301,0,0			
21359	11	1	1	0	0,1101,0,0,0			star
21978	2	1	1	0	0,0,1101,0,0			
22596	2	1	1	0	0,0,1204,0,1101			
23215	2	1	1	0	0,0,1302,0,0			
23833	2	1	1	0	0,1101,0,0,0			
24000	2	1	1	0	0,0,1101,0,0			
24143	2	1	1	0	1101,0,0,0,0			
24452	4	1	1	0	0,1101,0,0,1202			
24761	4	1	1	0	1101,0,0,0,0			
25000	4	1	1	0	0,0,0,0,0		1701,1701,1701,0,0	
25070	4	1	1	0	1101,0,0,0,0		1701,1701,1701,0,0	
25200	4	1	1	0	0,0,0,0,0		1701,1701,1701,0,0	
25400	4	1	1	0	0,0,0,0,0		1701,1701,1701,0,0	
25600	4	1	1	0	0,0,0,0,0		1701,1701,1701,0,0	
25689	4	1	1	0	0,0,1101,0,0		1701,1701,1701,0,0	
25800	4	1	1	0	0,0,0,0,0		1701,1701,1701,0,0	
26000	4	1	1	0	0,0,0,0,0		1701,1701,1701,0,0	
26200	4	1	1	0	0,0,0,0,0		1701,1701,1701,0,0	
26308	4	1	1	0	0,0,1101,0,0		1701,1701,1701,0,0	
26400	4	1	1	0	0,0,0,0,0		1701,1701,1701,0,0	
26600	4	1	1	0	0,0,0,0,0		1701,1701,1701,0,0	
26800	4	1	1	0	0,0,0,0,0		1701,1701,1701,0,0	
26926	4	1	1	0	0,0,1101,0,0		1701,1701,1701,0,0	
27000	4	1	1	0	0,0,0,0,0		1701,1701,1701,0,0	
27200	4	1	1	0	0,0,0,0,0		1701,1701,1701,0,0	
27400	4	1	1	0	0,0,0,0,0		1701,1701,1701,0,0	
27545	6	1	1	0	0,0,1101,0,0		1701,1701,1701,0,0	
27600	4	1	1	0	0,0,0,0,0		1701,1701,1701,0,0	
27800	4	1	1	0	0,0,0,0,0		1701,1701,1701,0,0	
27854	6	1	1	0	0,0,1101,0,0		1701,1701,1701,0,0	
28000	4	1	1	0	0,0,0,0,0		1701,1701,1701,0,0	
28163	8	1	1	0	0,0,1101,0,0			
28200	4	1	1	0	0,0,0,0,0		1701,1701,1701,0,0	
28400	4	1	1	0	0,0,0,0,0		1701,1701,1701,0,0	
28600	4	1	1	0	0,0,0,0,0		1701,1701,1701,0,0	
28782	8	1	1	0	0,1101,0,0,0			
28800	4	1	1	0	0,0,0,0,0		1701,1701,1701,0,0	
29000	4	1	1	0	0,0,0,0,0		1701,1701,1701,0,0	
29091	8	1	1	0	1101,0,0,0,0			
29400	8	1	1	0	0,1101,0,0,0			
29710	8	1	1	0	0,1101,0,0,0			
30019	8	1	1	0	0,0,1101,0,0			
30328	10	1	1	0	0,0,1101,0,0			
30637	10	1	1	0	0,0,0,1101,0			
30947	10	1	1	0	0,0,0,0,1101			
30947	11	1	1	0	0,0,1101,0,0			
30947	9	1	1	0	0,0,0,1101,0			
30947	3	1	1	0	1101,0,0,0,0			
30947	9	1	1	0	0,1101,0,0,0			star