Test									
StartTime	HairColor	AIHairColor	ShockEffect	SoundEffect	Line	Stair	movable	progress	door
1563	2	1	1	0	0,0,1101,0,0				
2081	2	1	1	0	0,0,0,1101,0				
2598	2	1	1	0	0,0,0,1101,0				
3115	2	1	1	0	0,0,0,1101,0				
3600	2	1	1	0	0,0,0,0,0				1901_2_1_40,1903_1_1
4000	2	1	1	0	0,0,1601,0,0				
4150	4	1	1	0	0,0,0,0,1101				
4150	4	1	1	0	0,1101,0,0,0				
4200	4	1	1	0	0,0,1601,0,0				
4400	4	1	1	0	0,0,1601,0,0				
4408	4	1	1	0	0,1101,0,1101,0				
4600	4	1	1	0	0,0,1601,0,0				
4667	4	1	1	0	0,0,0,1201,1101				
4925	4	1	1	0	1101,0,0,0,0				
4800	6	1	1	0	0,0,1601,0,0				
4925	6	1	1	0	0,0,0,1101,0				
5055	6	1	1	0	1101,0,0,0,0				
5000	6	1	1	0	0,0,1601,0,0				
5055	6	1	1	0	0,0,0,0,1101				
5701	6	1	1		1101,0,0,0,0				
5200	6	1	1	0	0,0,1601,0,0				
5400	8	1	1	0	0,0,1601,0,0				
5600	8	1	1	0	0,0,1601,0,0				
5701	8	1	1	0	0,1101,0,1101,1201				
6219	8	1	1	0	0,0,1101,0,0				
6736	8	1	1	0	0,0,1101,0,0				
7253	8	1	1	0	0,0,1101,0,0				
7600	8	1	1	0	0,0,1601,0,0				
7770	8	1	1	0	0,0,0,1101,0				
8288	8	1	1	0	0,1101,0,0,0				
7800	10	1	1	0	0,0,1601,0,0				
8000	10	1	1	0	0,0,1601,0,0				
8200	10	1	1	0	0,0,1601,0,0				
8288	10	1	1	0	1101,0,0,0,0				
8400	10	1	1	0	0,0,1601,0,0				
8546	10	1	1	0	1101,0,0,1201,1101				
8600	10	1	1	0	0,0,1601,0,0				
8800	12	1	1	0	0,0,1601,0,0				
8805	12	1	1	0	0,1101,0,0,0				
9000	12	1	1	0	0,0,1601,0,0				
9063	12	1	1	0	0,1101,0,1101,0				
9193	12	1	1	0	0,1101,0,1101,0				
9200	12	1	1	0	0,0,1601,0,0				
9800	12	1	1	0	0,0,1301,0,0				
9839	12	1	1	0	0,0,1101,0,0				
10357	12	1	1	0	0,1101,0,0,0				
10874	12	1	1	0	1101,0,0,0,0			star	
11391	12	1	1	0	1101,0,1206,0,0				
11908	1	1	1	0	1101,0,0,0,0				
12167	1	1	1	0	0,1101,0,0,0				
12425	1	1	1	0	0,0,1101,0,0				
12684	1	1	1	0	0,0,1101,0,0				
12943	1	1	1	0	0,0,1101,0,0				
13000	1	1	1	0	0,0,1302,0,0				
13460	3	1	1	0	0,0,0,1101,0				
13977	3	1	1	0	0,0,0,0,1805				
14494	3	1	1	0	0,0,0,1800,1101				
15000	3	1	1	0	0,0,0,0,0				1902_3_1_30,0
15529	3	1	1	0	0,0,1101,0,0				
16000	5	1	1	0	0,0,1601,1601,0				
16046	5	1	1	0	0,1101,0,0,1101				
16175	5	1	1	0	0,1101,0,0,0				
16200	5	1	1	0	0,0,1601,1601,0				
16400	5	1	1	0	0,0,1601,1601,0				
16563	5	1	1	0	1101,0,0,0,0				
16600	5	1	1	0	0,0,1601,1601,0				
16693	2	1	1	0	1101,0,0,0,0				
16800	5	1	1	0	0,0,1601,1601,0				
17000	6	1	1	0	0,0,1601,1601,0				
17081	4	1	1	0	0,1101,0,0,0				
17200	9	1	1	0	0,0,1601,1601,0				
17210	9	1	1	0	0,1101,0,0,1101				
17598	9	1	1	0	0,0,1101,0,0				
18000	9	1	1	0	0,0,0,0,0	0,0,0,1501,1501			
18115	9	1	1	0	0,1101,0,1101,1101				
18374	9	1	1	0	0,0,1201,1101,1101				
18600	9	1	1	0	0,0,0,0,0	0,0,0,1505,1505			
18632	11	1	1	0	0,1401,0,1101,1101				
19020	11	1	1	0	0,0,1201,1101,1101				
19279	11	1	1	0	0,1101,0,1101,1101				
19538	11	1	1	0	0,0,1101,0,0				
19796	11	1	1	0	1101,1101,1101,1101,1101				
20000	11	1	1	0	0,0,0,0,0	1501,1501,0,0,0			
20055	2	1	1	0	0,0,1101,0,0				
20184	10	1	1	0	0,1101,0,1101,0				
20184	11	1	1	0	1101,0,0,0,1101				
20443	8	1	1	0	1101,0,0,0,1101				
20443	5	1	1	0	0,1101,0,1101,0				
20600	2	1	1	0	0,0,0,0,0	1505,1505,0,0,0			
20701	2	1	1	0	1101,1101,0,1101,1101				
21089	2	1	1	0	0,1101,0,1101,0				
21348	4	1	1	0	0,1101,0,1101,0				
21607	4	1	1	0	0,0,1101,0,0				
21736	9	1	1	0	0,0,1101,0,0				
21800	9	1	1	0	0,0,0,1101,0				
21865	4	1	1	0	0,0,1101,0,0				
22124	4	1	1	0	0,1101,0,1101,0				
22512	6	1	1	0	0,0,0,1101,0				
22770	6	1	1	0	0,0,0,1101,0				
23158	6	1	1	0	1803,0,0,0,1101			star	
23417	6	1	1	0	0,0,0,0,1101				
23600	8	1	1	0	0,0,0,0,0		1701,1701,1701,0,0		
23675	6	1	1	0	0,0,1101,0,0				
23800	8	1	1	0	0,0,0,0,0		1701,1701,1701,0,0		
23934	8	1	1	0	0,0,1101,0,0				
24000	8	1	1	0	0,0,0,0,0		1701,1701,1701,0,0		
24063	8	1	1	0	0,0,1101,0,0				
24200	8	1	1	0	0,0,0,0,0		1701,1701,1701,0,0		
24322	8	1	1	0	0,0,1101,0,0				
24400	8	1	1	0	0,0,0,0,0		1701,1701,1701,0,0		
24451	8	1	1	0	0,0,1101,0,0				
24600	8	1	1	0	0,0,0,0,0		1701,1701,1701,0,0		
24800	8	1	1	0	0,0,0,0,0		1701,1701,1701,0,0		
24839	10	1	1	0	0,1101,0,0,0				
25000	10	1	1	0	0,0,0,0,0		1701,1701,1701,0,0		
25200	10	1	1	0	0,0,0,0,0		1701,1701,1701,0,0		
25357	10	1	1	0	1101,0,0,0,0				
25400	10	1	1	0	0,0,0,0,0		1701,1701,1701,0,0		
25486	10	1	1	0	1101,0,0,0,0				
25600	12	1	1	0	0,0,0,0,0		1701,1701,1701,0,0		
25800	12	1	1	0	0,0,0,0,0		1701,1701,1701,0,0		
25874	12	1	1	0	1101,0,0,0,0				
26000	12	1	1	0	0,0,0,0,0		1701,1701,1701,0,0		
26391	12	1	1	0	0,0,1101,0,0				
26400	12	1	1	0	0,0,0,0,0	0,0,1501,1501,0			
26650	12	1	1	0	0,1803,0,1101,0				
26800	12	1	1	0	0,0,0,0,0	0,0,1505,1505,0			
26908	12	1	1	0	0,0,0,1101,0				
27296	12	1	1	0	0,0,1101,0,0				
27555	12	1	1	0	0,0,1101,0,0				
27813	1	1	1	0	0,1101,0,1101,0				
28072	1	1	1	0	0,1101,0,1101,0				
28331	1	1	1	0	0,1101,0,1101,0				
28400	1	1	1	0	0,0,0,0,0	0,1501,1501,0,0			
28460	1	1	1	0	0,0,1101,0,0				
28719	1	1	1	0	0,0,1101,0,0				
28977	3	1	1	0	0,0,1101,0,0				
29000	3	1	1	0	0,0,0,0,0	0,1505,1505,0,0			
29365	3	1	1	0	0,1101,0,0,1803				
29624	3	1	1	0	0,1101,0,0,0				
29882	5	1	1	0	1101,0,1101,0,1101				
30012	5	1	1	0	1101,0,1101,0,1101				
30141	10	1	1	0	0,0,1101,0,0				
30141	9	1	1	0	0,0,0,0,1101				
30141	11	1	1	0	1101,0,0,0,0				
30200	5	1	1	0	0,0,0,0,0	0,1501,0,1501,0			
30400	5	1	1	0	0,1101,0,1101,0				
30788	5	1	1	0	11,011,101,110,111,000,000				
31000	11	1	1	0	0,0,0,0,0	0,1505,0,1505,0			
31046	12	1	1	0	0,1101,0,1101,0				
31434	10	1	1	0	11,011,101,110,111,000,000				
31693	12	1	1	0	0,1101,0,1101,0				
31951	10	1	1	0	0,1101,0,1101,0				
32210	9	1	1	0	1101,0,0,0,0				
32339	9	1	1	0	1101,0,0,0,0				
32598	9	1	1	0	0,1101,0,0,0				
32727	9	1	1	0	0,1101,0,0,0				
33115	9	1	1	0	0,0,1101,0,0				
33244	9	1	1	0	0,0,1101,0,0				
33632	11	1	1	0	0,0,0,1101,0				
33762	11	1	1	0	0,0,0,1101,0				
34150	11	1	1	0	0,0,1101,0,0				
34667	10	1	1	0	1101,0,0,0,0				
34667	11	1	1	0	0,1101,0,0,0				
34667	12	1	1	0	0,0,1101,0,0				
34667	5	1	1	0	0,0,0,1101,0				
34667	9	1	1	0	0,0,0,0,1101			star	