Test									
StartTime	HairColor	AIHairColor	ShockEffect	SoundEffect	Line	Stair	movable	progress	door
1396	1	1	1	0	0,0,1401,0,0				
2063	2	1	1	0	0,0,1101,0,0				
2396	2	1	1	0	0,0,1101,0,0				
2729	3	1	1	0	0,1101,0,1101,0				
3063	3	1	1	0	0,1101,0,1101,0				
3396	4	1	1	0	1101,0,0,0,1101				
3729	4	1	1	0	1101,0,0,0,1101				
4062	5	1	1	0	0,1101,0,1101,0				
4396	5	1	1	0	0,1101,0,1101,0				
4729	10	1	1	0	1101,0,1101,0,1101				
5396	11	1	1	0	1101,0,1101,0,1101				
6063	10	1	1	0	1101,0,1101,0,1101				
6729	11	1	1	0	1101,0,1101,0,1101				
7396	12	1	1	0	0,0,1101,0,0				
7729	12	1	1	0	0,0,1101,0,0				
8063	4	1	1	0	0,0,0,1101,0				
8063	3	1	1	0	0,1101,0,0,0				
8396	4	1	1	0	0,0,0,1101,0				
8396	3	1	1	0	0,1101,0,0,0				
8729	8	1	1	0	0,0,0,0,1101				
8729	6	1	1	0	1101,0,0,0,0				
9063	8	1	1	0	0,0,0,0,1101				
9063	6	1	1	0	1101,0,0,0,0				
9396	4	1	1	0	0,0,0,1101,0				
9396	3	1	1	0	0,1101,0,0,0				
9729	4	1	1	0	0,0,0,1101,0				
9729	3	1	1	0	0,1101,0,0,0				
10063	12	1	1	0	0,0,1101,0,0				
10729	12	1	1	0	0,0,1101,0,0				
11396	12	1	1	0	0,0,1101,0,0			star	
12063	1	1	1	0	0,0,0,0,0				1901_10_3_2,1903_1_1
12600	1	1	1	0	0,0,0,0,0	1501,1501,0,0,0			
12729	4	1	1	0	1101,0,0,0,0				
12729	3	1	1	0	0,0,0,1101,0				
13063	5	1	1	0	1101,0,0,0,0				
13063	3	1	1	0	0,0,0,1101,0				
13396	4	1	1	0	1101,0,0,0,0				
13396	9	1	1	0	0,0,1101,0,1201				
13729	4	1	1	0	0,1101,0,0,0				
13729	3	1	1	0	0,0,1201,0,1101				
13896	5	1	1	0	0,1101,0,0,0				
13896	9	1	1	0	0,0,0,0,1101				
14063	4	1	1	0	0,1101,0,0,0				
14063	3	1	1	0	0,0,0,0,1101				
14396	5	1	1	0	0,1101,0,0,0				
14396	3	1	1	0	0,0,0,0,1101				
14729	4	1	1	0	0,1101,0,0,0				
14729	9	1	1	0	0,0,0,1101,0				
15063	4	1	1	0	1101,0,0,0,0				
15063	3	1	1	0	0,0,1101,0,1201				
15229	5	1	1	0	1101,0,0,0,0				
15229	9	1	1	0	0,0,1101,0,0				
15396	4	1	1	0	1101,0,0,0,0				
15396	3	1	1	0	0,0,1101,0,0				
15729	5	1	1	0	1101,0,0,0,0				
15729	3	1	1	0	0,0,1101,0,0				
16062	4	1	1	0	1101,0,0,0,0				
16062	9	1	1	0	0,0,0,1101,0				
16396	4	1	1	0	0,1101,0,0,0				
16396	3	1	1	0	0,0,0,1101,0				
16400	1	1	1	0	0,0,0,0,0	1503,1503,0,0,0			
16600	1	1	1	0	0,0,1601,0,0				
16729	4	1	1	0	0,1101,0,0,0				
16729	9	1	1	0	0,0,0,0,1101				
16800	1	1	1	0	0,0,1601,0,0				
16896	3	1	1	0	0,0,0,0,1101				
17000	1	1	1	0	0,0,1601,0,0				
17062	5	1	1	0	1101,0,0,0,0				
17062	9	1	1	0	0,0,0,0,1101				
17145	1	1	1	0	0,0,0,1803,0				
17200	1	1	1	0	0,0,1601,0,0				
17229	3	1	1	0	0,0,0,0,1101				
17396	4	1	1	0	0,1101,0,0,0				
17396	9	1	1	0	0,0,0,0,1101				
17400	1	1	1	0	0,0,1601,0,0				
17563	3	1	1	0	0,0,0,0,1101				
17600	1	1	1	0	0,0,1601,0,0				
18000	1	1	1	0	0,0,0,0,0	1505,1505,0,0,0			0,1901_3_1_30
18062	1	1	1	0	0,0,0,0,0				
18063	12	1	1	0	0,1101,0,0,0				
18729	4	1	1	0	1101,0,0,0,0				
18729	3	1	1	0	0,0,1101,0,0				
19062	4	1	1	0	1101,0,0,0,0				
19062	3	1	1	0	0,0,1101,0,1201				
19396	5	1	1	0	0,1101,0,0,0				
19396	3	1	1	0	0,0,0,0,1101				
19729	5	1	1	0	0,1101,0,0,0				
19729	9	1	1	0	0,0,1201,0,1101				
20062	5	1	1	0	0,1101,0,0,0				
20062	3	1	1	0	0,0,0,0,1101				
20729	4	1	1	0	1101,0,0,0,0				
20729	3	1	1	0	0,0,0,1101,0				
21396	4	1	1	0	0,1101,0,0,0				
21396	9	1	1	0	0,0,0,0,1101				
21729	4	1	1	0	0,1101,0,0,0				
21729	9	1	1	0	0,0,1201,0,1101				
22062	5	1	1	0	1101,0,0,0,0			star	
22062	9	1	1	0	0,0,1101,0,0				
22396	5	1	1	0	1101,0,0,0,0				
22396	3	1	1	0	0,0,1101,0,1201				
22729	5	1	1	0	1101,0,0,0,0				
22729	9	1	1	0	0,0,1101,0,0				
23396	2	1	1	0	0,0,0,0,1101				
23396	8	1	1	0	0,1101,0,0,0				
23400	1	1	1	0	0,0,0,0,0	0,0,0,1501,1501			
23730	5	1	1	0	0,0,0,0,1101				
23730	8	1	1	0	0,1101,0,0,0				
24063	2	1	1	0	0,0,0,0,1101				
24063	3	1	1	0	1201,0,1101,0,0				
24396	2	1	1	0	0,0,0,1101,0				
24396	8	1	1	0	1101,0,1201,0,0				
24563	5	1	1	0	0,0,0,1101,0				
24563	3	1	1	0	1101,0,0,0,0				
24730	2	1	1	0	0,0,0,1101,0				
24730	8	1	1	0	1101,0,0,0,0				
25063	5	1	1	0	0,0,0,1101,0				
25063	8	1	1	0	1101,0,0,0,0				
25396	2	1	1	0	0,0,0,1101,0				
25396	3	1	1	0	0,1101,0,0,0				
25730	2	1	1	0	0,0,0,0,1101				
25730	8	1	1	0	1201,0,1101,0,0				
25896	5	1	1	0	0,0,0,0,1101				
25896	3	1	1	0	0,0,1101,0,0				
26063	2	1	1	0	0,0,0,0,1101				
26063	8	1	1	0	0,0,1101,0,0				
26396	5	1	1	0	0,0,0,0,1101				
26396	8	1	1	0	0,0,1101,0,0				
26729	2	1	1	0	0,0,0,0,1101				
26729	3	1	1	0	0,1101,0,0,0				
27000	1	1	1	0	0,0,0,0,0	0,0,0,1503,1503			
27063	2	1	1	0	0,0,0,1101,0				
27063	8	1	1	0	0,1101,0,0,0				
27200	1	1	1	0	0,0,1601,0,0				
27396	2	1	1	0	0,0,0,1101,0				
27396	3	1	1	0	1101,0,0,0,0				
27400	1	1	1	0	0,0,1601,0,0				
27563	8	1	1	0	1101,0,0,0,0				
27600	1	1	1	0	0,0,1601,0,0				
27729	5	1	1	0	0,0,0,0,1101				
27729	3	1	1	0	1101,0,0,0,0				
27800	1	1	1	0	0,0,1601,0,0				
27812	1	1	1	0	0,0,0,1803,0				
27896	8	1	1	0	1101,0,0,0,0				
28000	1	1	1	0	0,0,1601,0,0	0,0,0,1505,1505			
28063	2	1	1	0	0,0,0,1101,0				
28063	3	1	1	0	1101,0,0,0,0				
28200	1	1	1	0	0,0,1601,0,0				
28230	8	1	1	0	1101,0,0,0,0				
28729	2	1	1	0	0,0,0,1101,0				
28729	1	1	1	0	0,0,0,0,0				
28800	1	1	1	0	0,0,0,0,0				1901_3_1_30,0
29396	5	1	1	0	0,0,0,0,1101				
29396	8	1	1	0	1201,0,1101,0,0				
29729	5	1	1	0	0,0,0,0,1101				
29729	8	1	1	0	0,0,1101,0,0				
30063	2	1	1	0	0,0,0,1101,0				
30063	8	1	1	0	1101,0,0,0,0				
30396	2	1	1	0	0,0,0,1101,0				
30396	3	1	1	0	1101,0,1201,0,0				
30729	2	1	1	0	0,0,0,1101,0				
30729	8	1	1	0	1101,0,0,0,0				
31396	2	1	1	0	0,0,0,0,1101				
31396	8	1	1	0	0,1101,0,0,0				
32063	5	1	1	0	0,0,0,1101,0				
32063	3	1	1	0	1101,0,0,0,0				
32396	5	1	1	0	0,0,0,1101,0				
32396	3	1	1	0	1101,0,0,0,0				
32729	2	1	1	0	0,0,0,0,1101				
32729	3	1	1	0	0,0,1101,0,0				
33063	2	1	1	0	0,0,0,0,1101				
33063	8	1	1	0	0,0,1101,0,0				
33396	10	1	1	0	0,0,0,1101,0				
33396	11	1	1	0	0,1101,0,0,0			star	
