Test									
StartTime	HairColor	AIHairColor	ShockEffect	SoundEffect	Line	Stair	movable	progress	door
1173	4	1	1	0	0,0,1101,0,0				
2140	9	1	1	0	1101,0,0,0,0				
2866	4	1	1	0	0,0,1101,0,0				
3000	1	1	1	0	1601,1601,0,0,0				
3108	4	1	1	0	0,0,1101,0,0				
3200	1	1	1	0	1601,1601,0,0,0				
3400	1	1	1	0	1601,1601,0,0,0				
3592	9	1	1	0	0,0,1201,0,1101				
3600	1	1	1	0	1601,1601,0,0,0				
3800	1	1	1	0	1601,1601,0,0,0				
4000	1	1	1	0	1601,1601,0,0,0				
4076	4	1	1	0	0,0,1101,0,1201				
4200	1	1	1	0	1601,1601,0,0,0				
4400	1	1	1	0	1601,1601,0,0,0				
4560	9	1	1	0	0,0,0,0,1101				
4600	1	1	1	0	1601,1601,0,0,0				
4800	1	1	1	0	1601,1601,0,0,0				
5000	1	1	1	0	1601,1601,0,0,0				
5043	4	1	1	0	0,0,1101,0,0				
6000	1	1	1	0	0,0,0,1601,1601				
6011	8	1	1	0	1201,0,1101,0,0				
6200	1	1	1	0	0,0,0,1601,1601				
6400	1	1	1	0	0,0,0,1601,1601				
6495	4	1	1	0	0,1101,0,0,0				
6600	1	1	1	0	0,0,0,1601,1601				
6800	1	1	1	0	0,0,0,1601,1601				
6979	8	1	1	0	1101,0,1201,0,0				
7000	1	1	1	0	0,0,0,1601,1601				
7947	8	1	1	0	0,0,1101,0,0				
9000	1	1	1	0	0,0,0,0,0				1901_3_1_50,1903_1_1
9882	3	1	1	0	0,0,1101,0,0				
10608	1	1	1	0	0,0,1401,0,0			star	
10850	3	1	1	0	0,1101,1101,1101,0				
11334	6	1	1	0	0,0,1101,1101,1101				
11818	3	1	1	0	0,1101,1101,1101,0				
12302	6	1	1	0	1101,1101,1101,0,0				
12785	3	1	1	0	0,1101,1101,1101,0				
13753	6	1	1	0	1800,1101,0,1101,1801				
14237	3	1	1	0	0,1101,1201,1101,0				
14721	6	1	1	0	1800,1101,0,1101,1801				
15689	1	1	1	0	0,0,1301,0,0				
16656	3	1	1	0	0,1101,0,0,0				
16656	2	1	1	0	0,0,0,1101,0				
17140	3	1	1	0	0,1101,0,0,0				
17140	2	1	1	0	0,0,0,1101,0				
17624	6	1	1	0	1101,0,0,0,0				
17624	9	1	1	0	0,0,0,0,1101				
18108	6	1	1	0	1101,0,1206,0,0				
18108	9	1	1	0	0,0,0,0,1101				
18592	4	1	1	0	1101,0,0,0,0				
18592	4	1	1	0	0,0,0,0,1101				
18834	6	1	1	0	0,1101,0,0,0				
18834	8	1	1	0	0,0,0,1101,0				
19076	4	1	1	0	1206,0,1101,0,1206				
19318	6	1	1	0	0,0,0,1101,0				
19318	8	1	1	0	0,1101,0,0,0				
19560	4	1	1	0	0,0,0,0,1101				
19560	4	1	1	0	1101,0,0,0,0				
20527	4	1	1	0	0,0,0,1101,0				
20527	4	1	1	0	0,1101,0,0,0			star	
21011	4	1	1	0	0,0,0,1101,0				
21011	4	1	1	0	0,1101,0,0,0				
21495	8	1	1	0	0,0,0,0,1101				
21495	8	1	1	0	1101,0,0,0,0				
21979	8	1	1	0	0,0,0,0,1101				
21979	8	1	1	0	1101,0,1206,0,0				
22463	2	1	1	0	0,0,0,0,1101				
22463	2	1	1	0	1101,0,0,0,0				
22705	5	1	1	0	0,0,0,1101,0				
22705	5	1	1	0	0,1101,0,0,0				
22947	2	1	1	0	1206,0,1101,0,1206				
23189	5	1	1	0	0,1101,0,0,0				
23189	5	1	1	0	0,0,0,1101,0				
23431	2	1	1	0	1101,0,0,0,0				
23431	2	1	1	0	0,0,0,0,1101				
23914	1	1	1	0	0,0,1302,0,0				
24398	10	1	1	0	0,0,1101,0,0				
25366	11	1	1	0	0,1202,0,0,1101				
26092	1	1	1	0	0,0,1101,0,0				
26334	2	1	1	0	0,0,1101,0,0				
26818	3	1	1	0	0,1101,0,0,0				
27302	4	1	1	0	1101,0,0,1202,0				
27785	5	1	1	0	0,1101,0,0,0				
28200	1	1	1	0	0,0,0,0,0				1901_10_1_100,1901_11_4_2
29000	1	1	1	0	0,0,0,0,0		0,0,1701,1701,1701		
29200	1	1	1	0	0,0,0,0,0		0,0,1701,1701,1701		
29237	6	1	1	0	0,0,1101,0,0				
29400	1	1	1	0	0,0,0,0,0		0,0,1701,1701,1701		
29600	1	1	1	0	0,0,0,0,0		0,0,1701,1701,1701		
29721	8	1	1	0	0,0,0,1101,0				
29800	1	1	1	0	0,0,0,0,0		0,0,1701,1701,1701		
30000	1	1	1	0	0,0,0,0,0		0,0,1701,1701,1701		
30200	1	1	1	0	0,0,0,0,0		0,0,1701,1701,1701		
30205	9	1	1	0	0,0,0,0,1101				
30400	1	1	1	0	0,0,0,0,0		0,0,1701,1701,1701		
31173	11	1	1	0	0,0,1101,0,0				
31173	3	1	1	0	1101,0,0,0,0				
31173	4	1	1	0	0,0,0,0,1101			star	