Test									
StartTime	HairColor	AIHairColor	ShockEffect	SoundEffect	Line	Stair	movable	progress	door
938	4	1	1	0	0,0,1101,0,0				
1407	8	1	1	0	0,1101,0,0,0				
1875	4	1	1	0	0,0,1101,0,0				
2344	8	1	1	0	0,0,0,1101,0				
2812	4	1	1	0	0,0,1101,0,0				
3280	11	1	1	0	0,1401,0,1101,0				
3400	1	1	1	0	0,0,1601,0,0				
3600	1	1	1	0	0,0,1601,0,0				
3800	1	1	1	0	0,0,1601,0,0				
3983	4	1	1	0	0,1101,0,0,0				
3983	4	1	1	0	0,0,0,1101,0				
4000	1	1	1	0	0,0,1601,0,0				
4200	1	1	1	0	0,0,1601,0,0				
4217	4	1	1	0	0,1101,0,0,0				
4217	2	1	1	0	0,0,0,1101,0				
4400	1	1	1	0	0,0,1601,0,0				
4451	4	1	1	0	0,1101,0,0,0				
4451	2	1	1	0	0,0,0,1101,0				
4451	8	1	1	0	0,0,0,0,1101				
4600	1	1	1	0	0,0,1601,0,0				
4686	8	1	1	0	1101,0,0,0,0				
4686	2	1	1	0	0,0,0,1101,0				
4800	1	1	1	0	0,0,1601,0,0				
4920	8	1	1	0	1101,1201,0,0,0				
4920	9	1	1	0	0,0,0,0,1101				
5000	1	1	1	0	0,0,1601,0,0				
5154	8	1	1	0	1101,0,0,0,0				
5154	9	1	1	0	0,0,0,0,1101				
5154	3	1	1	0	0,0,0,1101,0				
5200	1	1	1	0	0,0,1601,0,0				
5600	1	1	1	0	0,0,0,0,0	1501,1501,0,0,0			
5622	2	1	1	0	1101,1101,0,0,0				
5622	2	1	1	0	0,0,1101,0,1201				
5857	2	1	1	0	1101,1101,0,0,0				
5857	2	1	1	0	0,0,1101,0,0				
6091	4	1	1	0	1101,1101,0,0,0				
6091	4	1	1	0	0,0,0,1101,0				
6325	4	1	1	0	1101,1101,0,0,0				
6325	4	1	1	0	0,0,0,1101,0				
6400	1	1	1	0	0,0,0,0,0	1505,1505,0,0,0			
6559	9	1	1	0	1101,1101,0,0,0				
6559	9	1	1	0	0,0,0,0,1101				
6559	8	1	1	0	0,0,1101,0,0				
6793	9	1	1	0	1101,1101,0,0,0				
6793	9	1	1	0	0,0,0,1201,1101				
6793	8	1	1	0	0,0,1101,0,0				
7027	9	1	1	0	1101,1101,0,0,0				
7027	9	1	1	0	0,0,0,0,1101				
7027	8	1	1	0	0,0,1101,0,0				
8000	1	1	1	0	0,0,0,0,0				1903_1_1,1901_10_1_50
8433	4	1	1	0	0,0,1101,0,0				
8901	5	1	1	0	0,1101,0,0,1803				
9369	4	1	1	0	0,0,1101,0,0				
9800	1	1	1	0	0,0,1601,0,0				
9838	5	1	1	0	0,1101,0,0,0				
9838	2	1	1	0	0,0,0,1201,1101				
10000	1	1	1	0	0,0,1601,0,0			star	
10072	4	1	1	0	0,1101,0,0,0				
10072	8	1	1	0	0,0,0,0,1101				
10200	1	1	1	0	0,0,1601,0,0				
10306	5	1	1	0	0,1101,0,0,0				
10306	2	1	1	0	0,0,0,1101,0				
10400	1	1	1	0	0,0,1601,0,0				
10540	4	1	1	0	1101,0,0,0,0				
10540	8	1	1	0	0,0,0,0,1101				
10600	1	1	1	0	0,0,1601,0,0				
10775	5	1	1	0	1101,0,0,0,0				
10775	2	1	1	0	0,0,0,1101,1101				
10800	1	1	1	0	0,0,1601,0,0				
11477	4	1	1	0	0,0,0,1101,0				
11711	4	1	1	0	0,1202,0,1101,0				
11946	4	1	1	0	0,0,0,1101,0				
12180	5	1	1	0	0,0,0,0,1101				
12414	5	1	1	0	0,0,1202,0,1101				
12648	5	1	1	0	0,0,0,0,1101				
13116	8	1	1	0	0,0,0,1101,0				
13351	8	1	1	0	0,0,0,1101,0				
13585	5	1	1	0	1101,1201,1101,1201,1401				
13819	5	1	1	0	0,0,1101,0,0				
14053	4	1	1	0	0,1101,0,0,0				
14287	4	1	1	0	0,1101,0,0,0				
14522	4	1	1	0	0,1101,0,0,0				
14990	1	1	1	0	0,0,1301,0,0				
15458	4	1	1	0	0,1101,0,0,0				
15458	2	1	1	0	0,0,0,1101,0				
15693	4	1	1	0	0,1101,0,0,0				
15693	2	1	1	0	0,0,0,1101,0				
15927	4	1	1	0	0,1101,0,0,0				
15927	2	1	1	0	0,0,0,1101,0				
16161	4	1	1	0	0,1101,0,0,0				
16161	2	1	1	0	0,0,0,1101,0				
16395	9	1	1	0	1101,0,0,0,0				
16395	5	1	1	0	0,0,1101,0,0				
16629	4	1	1	0	1101,0,0,0,1205				
16629	2	1	1	0	0,0,1101,0,0				
16864	9	1	1	0	1101,0,0,0,0				
16864	5	1	1	0	0,0,1101,0,0				
17332	6	1	1	0	1101,0,0,0,0				
17332	9	1	1	0	0,0,1101,0,0				
17566	6	1	1	0	1101,0,0,0,0				
17566	9	1	1	0	0,0,1101,0,0				
17800	6	1	1	0	1101,0,0,0,0				
17800	9	1	1	0	0,0,1101,0,0				
18035	6	1	1	0	1101,0,0,0,0				
18035	9	1	1	0	0,0,1101,0,0				
18269	3	1	1	0	0,1101,0,0,0				
18269	2	1	1	0	0,0,0,1101,0				
18503	8	1	1	0	0,0,1101,0,0				
18503	4	1	1	0	0,0,0,0,1101				
18737	8	1	1	0	1204,0,1101,0,0				
18737	4	1	1	0	0,0,0,0,1101				
19205	4	1	1	0	0,0,1101,0,0				
19205	4	1	1	0	0,1101,0,0,0				
19440	4	1	1	0	0,0,1101,0,0				
19440	4	1	1	0	0,1101,0,0,0				
19674	6	1	1	0	0,1101,0,0,0				
19674	6	1	1	0	0,0,1101,0,0				
19908	6	1	1	0	0,1101,0,0,0				
19908	6	1	1	0	0,0,1101,0,0				
20142	9	1	1	0	1101,0,0,0,0			star	
20142	9	1	1	0	0,1101,0,0,0				
20376	9	1	1	0	1101,0,0,1206,0				
20376	9	1	1	0	0,1101,0,0,0				
20611	9	1	1	0	1101,0,0,0,0				
20611	9	1	1	0	0,1101,0,0,0				
21079	2	1	1	0	0,0,1101,0,0				
21313	2	1	1	0	0,0,1101,0,0				
21547	2	1	1	0	0,0,1101,0,0				
21782	5	1	1	0	0,0,0,1101,0				
21782	6	1	1	0	0,1101,0,0,0				
22016	4	1	1	0	0,0,0,0,1101				
22016	3	1	1	0	1101,0,1206,0,0				
22484	1	1	1	0	0,0,1302,0,0				
22953	4	1	1	0	0,0,1101,0,0				
23188	8	1	1	0	0,0,1101,0,0				
23422	4	1	1	0	0,0,1101,0,0				
23656	8	1	1	0	0,0,1101,0,0				
23890	4	1	1	0	0,1101,0,0,0				
24124	8	1	1	0	0,1101,0,1202,0				
24359	4	1	1	0	0,1101,0,0,0				
24827	11	1	1	0	0,0,1101,0,0				
25061	11	1	1	0	0,0,1101,0,0				
25295	11	1	1	0	0,0,1101,0,0				
25530	11	1	1	0	0,0,1101,0,0				
25764	11	1	1	0	0,1401,0,1101,0				
25800	1	1	1	0	0,0,1601,0,0				
25998	4	1	1	0	0,0,0,0,1101				
25998	4	1	1	0	1101,1101,0,0,0				
26000	1	1	1	0	0,0,1601,0,0				
26200	1	1	1	0	0,0,1601,0,0				
26232	4	1	1	0	0,0,0,1101,0				
26232	4	1	1	0	1101,1201,0,0,0				
26400	1	1	1	0	0,0,1601,0,0				
26600	1	1	1	0	0,0,1601,0,0				
26700	4	1	1	0	0,0,0,0,1101				
26700	5	1	1	0	1101,1101,0,0,0				
26800	1	1	1	0	0,0,1601,0,0				
26935	4	1	1	0	0,0,0,0,1101				
26935	9	1	1	0	1101,1101,0,0,0				
27000	1	1	1	0	0,0,1601,0,0				
27169	5	1	1	0	0,0,0,1101,0				
27169	4	1	1	0	1101,1101,0,0,0				
27400	1	1	1	0	0,0,0,0,0	1501,1501,0,0,0			
27403	5	1	1	0	0,0,0,1101,0				
27403	8	1	1	0	1101,1101,0,0,0				
27637	8	1	1	0	0,0,1101,0,0				
27637	3	1	1	0	1101,1101,0,0,0				
27800	1	1	1	0	0,0,0,0,0	1505,1505,0,0,0			
27871	8	1	1	0	0,0,1101,0,1201				
27871	2	1	1	0	1101,1101,0,0,0				
28106	8	1	1	0	0,0,1101,0,0				
28106	6	1	1	0	1101,1101,0,0,0				
28574	2	1	1	0	1201,0,1101,0,0				
28808	3	1	1	0	0,0,1101,0,0				
29042	4	1	1	0	0,0,1101,0,0				
29511	5	1	1	0	0,0,0,1101,0				
29979	2	1	1	0	0,0,0,0,1101				
29979	5	1	1	0	0,0,0,1101,0				
29979	11	1	1	0	0,0,1101,0,0				
29979	4	1	1	0	0,1101,0,0,0				
29979	6	1	1	0	1101,0,0,0,0			star	