Test									
StartTime	HairColor	AIHairColor	ShockEffect	SoundEffect	Line	Stair	movable	progress	door
2200	1	1	1	0	0,0,0,0,0	1501,1501,1501,0,0			
2264	7	1	1	0	0,0,1101,1201,0				
2649	7	1	1	0	1101,0,0,0,0				
3000	1	1	1	0	0,0,0,0,0	1503,1503,1503,0,0			
3033	7	1	1	0	0,0,1101,1201,0				
3418	7	1	1	0	1101,0,0,0,1401				
3800	1	1	1	0	0,0,0,0,1601	1505,1505,1505,0,0			
4000	1	1	1	0	0,0,0,0,1601				
4186	3	1	1	0	0,0,1101,0,0				
4186	4	1	1	0	0,1101,0,0,0				
4186	9	1	1	0	1101,0,0,0,0				
4186	2	1	1	0	0,0,0,1101,0				
4200	1	1	1	0	0,0,0,0,1601				
4379	9	1	1	0	0,0,1101,0,0				
4379	5	1	1	0	0,1101,0,0,0				
4379	8	1	1	0	1101,0,0,0,0				
4379	6	1	1	0	0,0,0,1101,0				
4400	1	1	1	0	0,0,0,0,1601				
4571	3	1	1	0	0,0,1101,0,0				
4571	4	1	1	0	0,1101,0,0,0				
4571	9	1	1	0	1101,0,0,0,0				
4571	2	1	1	0	0,0,0,1101,0				
4955	11	1	1	0	1101,0,1101,0,1101				
4955	10	1	1	0	0,1101,0,1101,0				
5200	1	1	1	0	0,0,0,0,0	0,0,0,1501,1501			
5339	2	1	1	0	0,0,0,0,1101				
5339	4	1	1	0	1101,0,0,0,0				
5724	8	1	1	0	0,0,0,1101,0				
5724	5	1	1	0	1101,0,0,0,0				
5800	1	1	1	0	0,0,0,0,0	0,0,0,1505,1505			
6108	2	1	1	0	0,0,0,0,1101				
6108	4	1	1	0	0,0,1101,0,0				
6493	8	1	1	0	0,0,0,1101,0				
6493	5	1	1	0	0,0,1101,0,0				
6800	1	1	1	0	0,0,0,0,0	1501,1501,0,0,0			
6877	6	1	1	0	0,1101,0,0,0				
6877	3	1	1	0	0,0,0,0,1101				
7261	9	1	1	0	1101,0,0,0,0				
7261	4	1	1	0	0,0,0,0,1101				
7400	1	1	1	0	0,0,0,0,0	1505,1505,0,0,0			
7646	6	1	1	0	0,1101,0,0,0				
7646	3	1	1	0	0,0,1101,0,0				
8030	9	1	1	0	1101,0,0,0,0				
8030	4	1	1	0	0,0,1101,0,0				
8600	1	1	1	0	1601,0,0,0,1601	0,1501,0,1501,0			
8607	2	1	1	0	0,0,0,1101,0				
8607	9	1	1	0	0,1101,0,0,0				
8799	4	1	1	0	0,0,0,1101,0				
8799	8	1	1	0	0,1101,0,0,0				
8800	1	1	1	0	1601,0,0,0,1601				
8991	2	1	1	0	0,0,0,1101,0				
8991	9	1	1	0	0,1101,0,0,0				
9000	1	1	1	0	1601,0,0,0,1601	0,1505,0,1505,0			
9183	4	1	1	0	0,0,0,1101,0				
9183	8	1	1	0	0,1101,0,0,0				
9200	1	1	1	0	1601,0,0,0,1601				
9375	2	1	1	0	0,0,0,1101,0				
9375	9	1	1	0	0,1101,0,0,0				
9400	1	1	1	0	1601,0,0,0,1601				
9568	4	1	1	0	0,0,0,1101,0				
9568	8	1	1	0	0,1101,0,0,0				
10200	1	1	1	0	0,0,0,0,0	1501,1501,0,0,0			
10336	2	1	1	0	0,1101,0,0,0				
10336	4	1	1	0	0,0,0,1101,0				
10721	8	1	1	0	1101,0,0,0,0			star	
10721	5	1	1	0	0,0,0,0,1101				
10800	1	1	1	0	0,0,0,0,0	1505,1505,0,0,0			
11105	2	1	1	0	0,1101,0,0,0				
11105	4	1	1	0	0,0,0,1101,0				
11489	8	1	1	0	1101,0,0,0,0				
11489	5	1	1	0	0,0,1101,0,0				
11800	1	1	1	0	0,0,0,0,0	0,0,0,1501,1501			
11874	6	1	1	0	0,0,0,1101,0				
11874	3	1	1	0	0,1101,0,0,0				
12258	9	1	1	0	0,0,0,0,1101				
12258	4	1	1	0	1101,0,0,0,0				
12400	1	1	1	0	0,0,0,0,0	0,0,0,1505,1505			
12642	6	1	1	0	0,0,0,1101,0				
12642	3	1	1	0	0,1101,0,0,0				
13027	9	1	1	0	0,0,0,0,1101				
13027	4	1	1	0	0,0,1101,0,0				
13411	11	1	1	0	0,0,1101,0,0				
13603	11	1	1	0	0,0,1101,0,0				
13796	11	1	1	0	0,0,1101,0,0				
14180	1	1	1	0	0,0,1301,0,0				
14756	2	1	1	0	0,0,0,1101,0				
14949	5	1	1	0	0,0,1101,0,0				
15141	4	1	1	0	0,1101,0,0,0				
15333	9	1	1	0	1101,0,0,0,0				
15717	11	1	1	0	0,0,1101,0,0				
16102	3	1	1	0	0,0,1101,0,0				
16486	6	1	1	0	0,0,0,1101,0				
16871	8	1	1	0	0,0,0,0,1101				
17255	9	1	1	0	0,0,0,1101,0				
17639	11	1	1	0	0,0,1101,0,0				
18024	5	1	1	0	1101,0,0,0,0				
18024	4	1	1	0	0,0,0,0,1101				
18216	3	1	1	0	1101,0,1206,0,0				
18216	9	1	1	0	0,0,0,0,1101				
18408	5	1	1	0	1101,0,0,0,0				
18408	4	1	1	0	0,0,0,0,1101				
18792	12	1	1	0	0,0,1101,0,0				
19177	3	1	1	0	0,0,0,0,1101				
19177	4	1	1	0	1101,0,0,0,0				
19369	3	1	1	0	0,0,1206,0,1101				
19369	4	1	1	0	1101,0,0,0,0				
19945	3	1	1	0	0,0,0,1101,0				
19945	4	1	1	0	0,1101,0,0,0				
20330	1	1	1	0	0,0,1302,0,0				
20906	3	1	1	0	0,1101,0,0,0				
20906	6	1	1	0	0,0,0,1101,0				
21099	3	1	1	0	0,1101,0,0,0				
21099	6	1	1	0	0,0,0,1101,0				
21291	3	1	1	0	0,1101,0,0,0			star	
21291	6	1	1	0	0,0,0,1101,0				
21483	3	1	1	0	0,1101,0,0,0				
21483	6	1	1	0	0,0,0,1101,0				
22200	1	1	1	0	0,0,0,0,0				1903_1_1,1905_1_1
23020	2	1	1	0	0,0,1101,0,0				
23405	9	1	1	0	1401,1801,0,1101,0				
23789	2	1	1	0	0,0,1101,0,0				
24000	1	1	1	0	0,0,0,0,0		1701,1701,0,0,0		
24174	2	1	1	0	1101,1101,0,0,0				
24200	1	1	1	0	0,0,0,0,0		1701,1701,0,0,0		
24366	5	1	1	0	1101,1101,0,0,0				
24400	1	1	1	0	0,0,0,0,0		1701,1701,0,0,0		
24558	3	1	1	0	1101,1101,0,0,0				
24600	1	1	1	0	0,0,0,0,0		1701,1701,0,0,0		
24800	1	1	1	0	0,0,0,0,0		1701,1701,0,0,0		
24942	4	1	1	0	1101,1101,0,0,0				
25000	1	1	1	0	0,0,0,0,0		1701,1701,0,0,0		
25200	1	1	1	0	0,0,0,0,0		1701,1701,0,0,0		
25327	9	1	1	0	1101,1101,0,0,0				
25400	1	1	1	0	0,0,0,0,0		1701,1701,0,0,0		
26095	11	1	1	0	0,0,1101,0,0				
26480	11	1	1	0	0,0,1101,0,0				
26800	1	1	1	0	0,0,1601,0,0	0,1501,0,1501,0			
26864	4	1	1	0	0,0,0,1101,0				
26864	2	1	1	0	0,1101,0,0,0				
27000	1	1	1	0	0,0,1601,0,0				
27200	1	1	1	0	0,0,1601,0,0				
27248	8	1	1	0	0,0,0,1101,0				
27248	9	1	1	0	0,1101,0,0,0				
27400	1	1	1	0	0,0,1601,0,0				
27600	1	1	1	0	0,0,1601,0,0				
27633	4	1	1	0	0,0,0,1101,0				
27633	2	1	1	0	0,1101,0,0,0				
27800	1	1	1	0	0,0,1601,0,0				
28000	1	1	1	0	0,0,1601,0,0				
28017	8	1	1	0	0,0,0,1101,0				
28017	9	1	1	0	0,1101,0,0,0				
28200	1	1	1	0	0,0,1601,0,0				
28400	1	1	1	0	0,0,1601,0,0	0,1505,0,1505,0			
28402	4	1	1	0	0,0,0,1101,0				
28402	2	1	1	0	0,1101,0,0,0				
28600	1	1	1	0	0,0,1601,0,0				
28786	8	1	1	0	0,0,0,1101,0				
28786	9	1	1	0	0,1101,0,0,0				
28800	1	1	1	0	0,0,1601,0,0				
29000	1	1	1	0	0,0,1601,0,0				
29170	4	1	1	0	0,0,0,1101,0				
29170	2	1	1	0	0,1101,0,0,0				
29200	1	1	1	0	0,0,1601,0,0				
29363	8	1	1	0	0,0,0,1101,0				
29363	9	1	1	0	0,1101,0,0,0				
29400	1	1	1	0	0,0,1601,0,0				
29555	4	1	1	0	0,0,0,1101,0				
29555	2	1	1	0	0,1101,0,0,0				
29600	1	1	1	0	0,0,1601,0,0				
29800	1	1	1	0	0,0,1601,0,0				
29939	8	1	1	0	0,0,0,1101,0				
29939	9	1	1	0	0,1101,0,0,0				
30000	1	1	1	0	0,0,1601,0,0				
30708	11	1	1	0	0,0,1101,0,0				
31092	11	1	1	0	0,0,1101,0,0				
31477	11	1	1	0	0,0,1101,0,0				
32245	11	1	1	0	0,0,1101,0,0				
32245	2	1	1	0	1101,0,0,0,0				
32245	3	1	1	0	0,1101,0,0,0				
32245	5	1	1	0	0,0,0,1101,0				
32245	8	1	1	0	0,0,0,0,1101			star	