Test									
StartTime	HairColor	AIHairColor	ShockEffect	SoundEffect	Line	Stair	movable	progress	door
1820	8	1	1	0	0,0,1101,0,0				
2365	4	1	1	0	0,0,0,1101,0				
2638	4	1	1	0	0,0,0,1101,0				
3400	1	1	1	0	0,0,0,0,1601	1501,1501,1501,0,0			
3457	3	1	1	0	0,0,1101,0,0				
3600	1	1	1	0	0,0,0,0,1601				
3800	1	1	1	0	0,0,0,0,1601				
4000	1	1	1	0	0,0,0,0,1601				
4200	1	1	1	0	0,0,0,0,1601				
4275	3	1	1	0	0,0,1101,0,0				
4400	1	1	1	0	0,0,0,0,1601				
4600	1	1	1	0	0,0,0,0,1601				
4800	1	1	1	0	0,0,0,0,1601	1505,1505,1505,0,0			
4820	1	1	1	0	0,0,1401,0,0				
5000	1	1	1	0	0,0,0,0,1601				
5093	3	1	1	0	0,1101,0,0,0				
5200	1	1	1	0	0,0,0,0,1601				
5366	4	1	1	0	0,1101,0,0,0				
5400	1	1	1	0	0,0,0,0,1601				
5600	1	1	1	0	0,0,0,0,1601				
5639	8	1	1	0	0,1101,0,0,0				
5800	1	1	1	0	0,0,0,0,1601				
5911	9	1	1	0	0,1101,0,0,0				
6000	1	1	1	0	0,0,0,0,1601				
6200	1	1	1	0	0,0,0,0,1601				
6600	1	1	1	0	1601,0,0,0,0				
6729	8	1	1	0	0,0,0,1101,0				
6800	1	1	1	0	1601,0,0,0,0				
7000	1	1	1	0	1601,0,0,0,0				
7002	8	1	1	0	0,0,0,1101,0				
7200	1	1	1	0	1601,0,0,0,0				
7275	8	1	1	0	0,0,0,0,1101				
7400	1	1	1	0	1601,0,0,0,0				
7548	8	1	1	0	0,0,0,0,1101				
7600	1	1	1	0	1601,0,0,0,0				
7800	1	1	1	0	1601,0,0,0,0				
8000	1	1	1	0	1601,0,0,0,0				
8093	8	1	1	0	0,0,1101,0,0				
8093	9	1	1	0	0,0,0,0,1101				
8200	1	1	1	0	1601,0,0,0,0				
8366	8	1	1	0	0,0,1101,1201,0				
8366	9	1	1	0	0,0,0,0,1101				
8400	1	1	1	0	1601,0,0,0,0				
8600	1	1	1	0	1601,0,0,0,0				
8639	8	1	1	0	0,0,1101,0,0				
8639	9	1	1	0	0,0,0,0,1101				
9400	1	1	1	0	0,0,0,0,0	0,1501,1501,0,0			
9457	9	1	1	0	0,0,1101,0,0				
9457	8	1	1	0	0,0,0,1101,0				
9729	9	1	1	0	0,0,1101,0,0				
9729	8	1	1	0	0,0,0,1101,0				
10002	4	1	1	0	0,1101,0,0,0				
10002	3	1	1	0	0,0,0,0,1101				
10275	4	1	1	0	0,1101,0,0,0				
10275	3	1	1	0	0,0,0,0,1101				
10548	2	1	1	0	0,0,1101,0,0				
10548	5	1	1	0	0,0,0,1101,0				
10820	2	1	1	0	0,0,1101,0,0				
10820	5	1	1	0	0,0,0,1101,0			star	
11000	1	1	1	0	0,0,0,0,0	0,1505,1505,0,0			
11366	6	1	1	0	0,1101,0,0,0				
11366	9	1	1	0	0,0,0,0,1101				
11639	6	1	1	0	0,1101,0,0,0				
11639	9	1	1	0	0,0,0,0,1101				
11911	6	1	1	0	0,1101,0,0,0				
11911	9	1	1	0	0,0,0,0,1101				
12457	6	1	1	0	0,1101,0,0,0				
12457	9	1	1	0	0,0,0,0,1101				
13200	1	1	1	0	0,0,0,0,0	0,0,1501,0,0			
13200	4	1	1	0	0,0,0,0,1805				
13275	3	1	1	0	0,0,1101,0,0				
13275	4	1	1	0	1401,0,0,0,1401				
13548	3	1	1	0	0,0,1101,0,0				
13548	4	1	1	0	1101,1101,0,1101,1101				
13600	1	1	1	0	0,0,0,0,0	0,0,1505,0,0			
13820	3	1	1	0	0,0,1101,0,0				
13820	4	1	1	0	1101,1101,0,1101,1101				
14093	3	1	1	0	0,0,1101,0,0				
14093	4	1	1	0	1101,1101,0,1101,1101				
14800	1	1	1	0	0,1601,0,0,0	1501,0,0,0,0			
14911	4	1	1	0	1101,0,0,0,0				
14911	3	1	1	0	0,0,1201,1101,1201				
15000	1	1	1	0	0,1601,0,0,0				
15184	4	1	1	0	1101,0,0,0,0				
15184	3	1	1	0	0,0,1101,1101,0				
15200	1	1	1	0	0,1601,0,0,0	1505,0,0,0,0			
15400	1	1	1	0	0,1601,0,0,0				
15457	4	1	1	0	1101,0,0,0,0				
15457	3	1	1	0	0,0,0,1101,1101				
15600	1	1	1	0	0,1601,0,0,0				
15729	4	1	1	0	1101,0,0,0,0				
15729	3	1	1	0	0,0,1101,1101,0				
16548	12	1	1	0	0,0,1101,0,0				
16820	12	1	1	0	0,0,1101,0,0				
17093	12	1	1	0	0,0,0,1101,0				
17366	12	1	1	0	0,1202,0,1101,0				
17911	12	1	1	0	0,0,1101,0,0				
18184	12	1	1	0	0,0,1101,0,0				
18457	12	1	1	0	0,0,1101,0,0				
19275	1	1	1	0	0,0,1301,0,0				
19820	3	1	1	0	0,1101,0,0,0				
19820	8	1	1	0	0,0,0,1101,0				
20093	3	1	1	0	0,1101,0,0,0				
20093	8	1	1	0	0,0,0,1101,0				
20366	8	1	1	0	1101,0,0,0,0				
20366	3	1	1	0	0,0,0,0,1101				
20639	8	1	1	0	1101,0,1206,0,0				
20639	3	1	1	0	0,0,0,0,1101				
21184	3	1	1	0	0,1101,0,0,0			star	
21184	8	1	1	0	0,0,0,1101,0				
21457	3	1	1	0	0,1101,0,0,0				
21457	8	1	1	0	0,0,0,1101,0				
21730	3	1	1	0	0,1101,0,0,0				
21730	8	1	1	0	0,0,0,1101,0				
22548	4	1	1	0	0,0,0,1101,0				
22820	4	1	1	0	0,1204,0,1101,0				
23093	2	1	1	0	0,0,0,0,1101				
23366	2	1	1	0	0,1204,0,0,1101				
23639	4	1	1	0	0,0,0,1101,0				
23911	4	1	1	0	0,1204,0,1101,0				
24457	9	1	1	0	0,1204,0,0,1101				
24730	9	1	1	0	0,0,0,0,1101				
25002	9	1	1	0	0,0,0,0,1101				
25548	1	1	1	0	0,0,1302,0,0				
26366	2	1	1	0	0,0,1101,0,0				
26639	2	1	1	0	1201,0,1101,0,1201				
26911	2	1	1	0	0,0,1101,0,0				
27184	2	1	1	0	0,0,1101,0,0				
28002	9	1	1	0	0,0,0,0,1101				
28275	9	1	1	0	0,0,1202,0,1101				
28548	9	1	1	0	0,0,0,0,1101				
28820	9	1	1	0	0,0,0,0,1101				
29600	1	1	1	0	0,0,0,0,0		0,1701,1701,0,0		
29639	10	1	1	0	0,1101,0,0,0				
29800	1	1	1	0	0,0,0,0,0		0,1701,1701,0,0		
29911	10	1	1	0	0,1101,0,0,0				
30000	1	1	1	0	0,0,0,0,0		0,1701,1701,0,0		
30184	10	1	1	0	0,1101,0,0,0				
30200	1	1	1	0	0,0,0,0,0		0,1701,1701,0,0		
30400	1	1	1	0	0,0,0,0,0		0,1701,1701,0,0		
30457	10	1	1	0	0,1101,0,0,0				
30600	1	1	1	0	0,0,0,0,0		0,1701,1701,0,0		
30730	10	1	1	0	0,1101,0,0,0				
30800	1	1	1	0	0,0,0,0,0		0,1701,1701,0,0		
31000	1	1	1	0	0,0,0,0,0		0,1701,1701,0,0		
31002	10	1	1	0	0,1101,0,0,0				
31200	1	1	1	0	0,0,0,0,0		0,1701,1701,0,0		
31275	10	1	1	0	0,1101,0,0,0				
31400	1	1	1	0	0,0,0,0,0		0,1701,1701,0,0		
32093	10	1	1	0	0,0,1101,0,0				
32093	4	1	1	0	1101,0,0,0,0				
32093	2	1	1	0	0,1101,0,0,0				
32093	9	1	1	0	0,0,0,1101,0				
32093	3	1	1	0	0,0,0,0,1101			star	