Test									
StartTime	HairColor	AIHairColor	ShockEffect	SoundEffect	Line	Stair	movable	progress	door
1214	2	1	1	0	0,1101,0,0,0				
1214	8	1	1	0	0,0,0,1101,0				
1425	2	1	1	0	0,1101,0,0,0				
1425	8	1	1	0	0,0,0,1101,0				
1637	2	1	1	0	0,1101,0,0,0				
1637	8	1	1	0	0,0,0,1101,0				
1848	2	1	1	0	0,1101,0,0,0				
1848	8	1	1	0	0,0,0,1101,0				
2060	2	1	1	0	0,1101,0,0,0				
2060	8	1	1	0	0,0,0,1101,0				
2482	10	1	1	0	0,0,1101,0,0				
2905	2	1	1	0	0,0,0,1101,0				
3800	1	1	1	0	0,0,0,0,0				1901_10_1_30,1901_10_4_2
4596	1	1	1	0	0,0,0,1101,0				
5019	1	1	1	0	0,0,1202,0,1101				
5400	1	1	1	0	0,0,1601,0,0				
5442	5	1	1	0	0,0,0,1101,0				
5442	1	1	1	0	0,1401,0,0,0				
5600	1	1	1	0	0,0,1601,0,0				
5654	3	1	1	0	0,0,0,1101,0				
5654	11	1	1	0	1101,1101,0,0,0				
5800	1	1	1	0	0,0,1601,0,0				
5865	5	1	1	0	0,0,0,1101,0				
5865	11	1	1	0	1101,1101,0,0,0				
6288	11	1	1	0	0,0,1101,0,0				
6288	3	1	1	0	1101,0,0,0,0				
6288	8	1	1	0	0,1101,0,0,0				
6288	6	1	1	0	0,0,0,1101,0				
6288	9	1	1	0	0,0,0,0,1101				
7133	11	1	1	0	0,0,1101,0,0				
7133	3	1	1	0	1101,0,0,0,0				
7133	8	1	1	0	0,1101,0,0,0				
7133	6	1	1	0	0,0,0,1101,0				
7133	9	1	1	0	0,0,0,0,1101				
7556	11	1	1	0	0,0,1101,0,0				
7556	3	1	1	0	1101,0,0,0,0				
7556	8	1	1	0	0,1101,0,0,0				
7556	6	1	1	0	0,0,0,1101,0				
7556	9	1	1	0	0,0,0,0,1101				
7979	11	1	1	0	0,0,1101,0,0				
7979	3	1	1	0	1101,0,0,0,0				
7979	8	1	1	0	0,1101,0,0,0				
7979	6	1	1	0	0,0,0,1101,0				
8402	9	1	1	0	0,0,0,0,1101				
9248	1	1	1	0	0,0,1301,0,0				
9670	2	1	1	0	0,0,1101,0,0				
10093	2	1	1	0	0,0,1101,0,0				
10516	4	1	1	0	0,1101,0,0,0				
10728	4	1	1	0	0,1101,0,1206,0				
11150	9	1	1	0	1101,0,0,0,0				
11361	1	1	1	0	0,0,1206,0,0				
11573	9	1	1	0	1101,0,0,0,0				
12207	4	1	1	0	0,1101,0,0,0				
12419	4	1	1	0	0,0,1101,0,0				
12630	4	1	1	0	0,0,0,1101,0			star	
13053	2	1	1	0	0,0,0,0,1101				
13264	1	1	1	0	0,0,1204,0,0				
13476	2	1	1	0	0,0,0,0,1101				
13899	5	1	1	0	0,0,0,1101,0				
14110	5	1	1	0	0,0,0,1101,0				
14533	9	1	1	0	0,0,1101,0,0				
14744	1	1	1	0	1204,0,0,0,1205				
14956	9	1	1	0	0,0,1101,0,0				
15590	8	1	1	0	0,1101,0,0,0				
15590	3	1	1	0	0,0,0,1101,0				
15802	8	1	1	0	0,1101,0,0,0				
15802	3	1	1	0	0,0,0,1101,0				
16013	8	1	1	0	0,1101,0,0,0				
16013	3	1	1	0	0,0,0,1101,0				
16224	8	1	1	0	0,1101,0,0,0				
16224	3	1	1	0	0,0,0,1101,0				
16436	8	1	1	0	0,1101,0,0,0				
16436	3	1	1	0	0,0,0,1101,0				
17281	5	1	1	0	0,0,0,0,1101				
17281	4	1	1	0	1101,0,0,0,0				
17493	5	1	1	0	0,0,0,1101,0				
17493	4	1	1	0	0,1101,0,0,0				
17704	10	1	1	0	0,0,1101,0,0				
17916	5	1	1	0	0,1101,0,0,0				
17916	4	1	1	0	0,0,0,1101,0				
18127	5	1	1	0	1101,0,0,0,0				
18127	4	1	1	0	0,0,0,0,1101				
18761	8	1	1	0	0,1101,0,0,0				
18973	8	1	1	0	0,1101,0,1205,0				
19396	8	1	1	0	0,1101,0,0,0				
20241	4	1	1	0	0,0,1101,0,0				
20664	4	1	1	0	0,0,0,1101,0				
21087	4	1	1	0	0,0,0,1101,0				
21510	4	1	1	0	0,0,0,1101,0				
21933	1	1	1	0	0,0,1302,0,0				
22778	11	1	1	0	0,0,1101,0,0				
23201	9	1	1	0	0,0,1101,0,0				
23624	9	1	1	0	0,0,1101,0,0				
24047	4	1	1	0	0,1202,0,1101,0				
24047	5	1	1	0	0,0,0,0,1101				
24258	4	1	1	0	0,0,0,1101,0				
24258	5	1	1	0	0,0,0,0,1101			star	
24681	3	1	1	0	0,1202,0,0,1101				
24681	8	1	1	0	0,0,0,1101,0				
25104	3	1	1	0	0,1202,0,0,1101				
25104	8	1	1	0	0,0,0,1101,0				
25738	2	1	1	0	0,0,1101,0,1802				
25950	2	1	1	0	0,0,1101,0,1802				
26161	2	1	1	0	0,0,1101,0,1802				
26400	1	1	1	0	0,0,0,1601,1601				
26584	9	1	1	0	0,1101,0,0,0				
26600	1	1	1	0	0,0,0,1601,1601				
26800	1	1	1	0	0,0,0,1601,1601				
27000	1	1	1	0	0,0,0,1601,1601				
27007	9	1	1	0	0,1101,0,0,0				
27200	1	1	1	0	0,0,0,1601,1601				
27400	1	1	1	0	0,0,0,1601,1601				
27429	5	1	1	0	1101,0,0,0,0				
27600	1	1	1	0	0,0,0,1601,1601				
27641	5	1	1	0	1101,0,0,0,0				
27800	1	1	1	0	0,0,0,1601,1601				
28000	1	1	1	0	0,0,0,1601,1601				
28064	11	1	1	0	0,0,1101,0,0				
28200	1	1	1	0	0,0,0,1601,1601				
28400	1	1	1	0	0,0,0,1601,1601				
28487	11	1	1	0	0,0,1101,0,0				
29000	1	1	1	0	0,0,1601,0,0	0,0,0,1501,1501			
29121	8	1	1	0	0,0,0,1101,0				
29121	5	1	1	0	0,1101,0,0,0				
29200	1	1	1	0	0,0,1601,0,0				
29332	8	1	1	0	0,0,0,1101,0				
29332	5	1	1	0	0,1101,0,0,0				
29400	1	1	1	0	0,0,1601,0,0	0,0,0,1505,1505			
29544	8	1	1	0	0,0,0,1101,0				
29544	5	1	1	0	0,1101,0,0,0				
29600	1	1	1	0	0,0,1601,0,0				
29755	8	1	1	0	0,0,0,1101,0				
29755	5	1	1	0	0,1101,0,0,0				
29800	1	1	1	0	0,0,1601,0,0				
29966	8	1	1	0	0,0,0,1101,0				
29966	5	1	1	0	0,1101,0,0,0				
30800	1	1	1	0	0,0,1601,0,0	1501,1501,0,0,0			
30812	2	1	1	0	0,1101,0,0,0				
30812	4	1	1	0	0,0,0,1101,0				
31000	1	1	1	0	0,0,1601,0,0				
31024	2	1	1	0	0,1101,0,0,0				
31024	4	1	1	0	0,0,0,1101,0				
31200	1	1	1	0	0,0,1601,0,0	1505,1505,0,0,0			
31235	2	1	1	0	0,1101,0,0,0				
31235	4	1	1	0	0,0,0,1101,0				
31400	1	1	1	0	0,0,1601,0,0				
31446	2	1	1	0	0,1101,0,0,0				
31446	4	1	1	0	0,0,0,1101,0				
31600	1	1	1	0	0,0,1601,0,0				
31658	2	1	1	0	0,1101,0,0,0				
31658	4	1	1	0	0,0,0,1101,0				
32292	11	1	1	0	0,0,1101,0,0				
32503	11	1	1	0	0,0,1101,0,0				
32926	11	1	1	0	0,0,1101,0,0				
33772	11	1	1	0	0,0,1101,0,0				
34195	11	1	1	0	0,1101,0,0,0				
34618	11	1	1	0	0,1101,0,0,0				
35040	11	1	1	0	0,0,1101,0,0				
35463	11	1	1	0	0,0,1101,0,0				
35886	2	1	1	0	1101,0,0,0,0				
35886	9	1	1	0	0,1101,0,0,0				
35886	11	1	1	0	0,0,1101,0,0				
35886	8	1	1	0	0,0,0,1101,0				
35886	3	1	1	0	0,0,0,0,1101			star	