Test									
StartTime	HairColor	AIHairColor	ShockEffect	SoundEffect	Line	Stair	movable	progress	door
1705	4	1	1	0	0,0,1101,0,0				
2325	4	1	1	0	1101,0,0,0,1802				
3152	2	1	1	0	0,0,1101,0,0				
3772	2	1	1	0	0,0,0,1101,0				
4186	2	1	1	0	0,0,0,1101,0				
4599	2	1	1	0	0,0,0,1101,0				
5013	9	1	1	0	0,1802,0,0,1101				
5633	9	1	1	0	0,0,1101,0,0				
6460	3	1	1	0	0,0,1101,0,0				
7080	3	1	1	0	0,1101,0,0,0				
7494	3	1	1	0	0,1101,0,0,0				
7907	3	1	1	0	0,1101,0,0,0				
8321	6	1	1	0	1101,0,0,0,1802				
8941	6	1	1	0	0,0,1101,0,0				
9768	1	1	1	0	0,0,1401,0,0				
10000	1	1	1	0	0,0,0,0,0	0,0,0,1501,1501			
10181	2	1	1	0	0,0,0,1101,1101				
10388	4	1	1	0	0,1202,0,1101,1101				
10595	5	1	1	0	0,0,0,1101,1101				
10600	1	1	1	0	0,0,0,0,0	0,0,0,1505,1505			
10802	6	1	1	0	0,1202,0,1101,1101				
11008	3	1	1	0	0,0,0,1101,1101				
11215	9	1	1	0	0,1202,0,1101,1101				
11629	11	1	1	0	0,0,0,1101,1101				
12249	11	1	1	0	0,0,0,1101,1101				
13283	10	1	1	0	0,1101,1101,0,0				
13489	10	1	1	0	0,1101,1101,0,0			star	
14803	1	1	1	0	0,0,1210,0,0				
15800	1	1	1	0	0,0,0,0,0		0,0,1701,1701,0		
15971	11	1	1	0	0,0,1101,0,0				
15971	10	1	1	0	0,0,0,1101,0				
16000	1	1	1	0	0,0,0,0,0		0,0,1701,1701,0		
16177	11	1	1	0	0,0,1101,0,0				
16177	10	1	1	0	0,0,0,1101,0				
16200	1	1	1	0	0,0,0,0,0		0,0,1701,1701,0		
16384	11	1	1	0	0,0,1101,0,0				
16384	10	1	1	0	0,0,0,1101,0				
16400	1	1	1	0	0,0,0,0,0		0,0,1701,1701,0		
17211	1	1	1	0	0,0,1101,0,0				
17625	8	1	1	0	0,0,0,1101,0				
17800	1	1	1	0	0,1202,0,0,0				
17831	8	1	1	0	0,0,0,1101,0				
18038	8	1	1	0	0,0,0,1101,0				
18200	1	1	1	0	0,1202,0,0,0				
18245	8	1	1	0	0,0,0,1101,0				
18600	1	1	1	0	0,1201,0,0,0				
18865	8	1	1	0	0,0,0,0,1101				
19000	1	1	1	0	0,1201,0,0,0				
19400	1	1	1	0	0,1201,0,0,0				
19485	8	1	1	0	0,0,1101,0,0				
20400	1	1	1	0	0,0,0,0,1601				
20519	3	1	1	0	0,1101,0,0,0				
20600	1	1	1	0	0,0,0,0,1601				
20726	3	1	1	0	0,1101,0,0,0				
20800	1	1	1	0	0,0,0,0,1601				
20933	3	1	1	0	0,1101,0,0,0				
21000	1	1	1	0	0,0,0,0,1601				
21139	3	1	1	0	0,1101,0,0,0				
21553	3	1	1	0	0,0,1101,0,0				
22100	1	1	1	0	0,0,0,0,0				1904_1_1,0
23414	2	1	1	0	0,0,1101,0,0				
23414	4	1	1	0	1101,0,0,0,0				
23620	2	1	1	0	0,0,1101,0,0				
23620	4	1	1	0	1101,0,0,0,0				
23827	2	1	1	0	0,0,1101,0,0				
23827	4	1	1	0	1101,0,0,0,0				
24034	2	1	1	0	0,0,1101,0,0				
24034	4	1	1	0	1101,0,0,0,0				
24447	2	1	1	0	0,0,0,1101,0				
24447	4	1	1	0	0,1101,0,0,0				
24654	2	1	1	0	0,0,0,1101,0				
24654	4	1	1	0	0,1101,0,0,0				
25274	5	1	1	0	0,0,1101,0,0				
25688	5	1	1	0	0,0,1101,0,0				
25895	5	1	1	0	0,0,1101,0,0				
26308	9	1	1	0	0,0,1101,0,0			star	
27622	1	1	1	0	0,0,1210,0,0				
28169	1	1	1	0	0,0,1301,0,0				
28789	8	1	1	0	0,0,1101,0,0				
30030	4	1	1	0	0,0,1101,0,0				
30237	4	1	1	0	0,1101,0,0,0				
30443	4	1	1	0	1101,0,0,0,0				
30857	8	1	1	0	0,1101,0,0,0				
31064	8	1	1	0	0,1101,0,0,0				
31200	1	1	1	0	0,0,0,1205,0				
31270	8	1	1	0	0,1101,0,0,0				
31477	8	1	1	0	0,1101,0,0,0				
31891	2	1	1	0	0,0,0,1101,0				
32097	2	1	1	0	0,0,0,1101,0				
32718	5	1	1	0	0,1101,0,0,0				
32924	5	1	1	0	0,1101,0,0,0				
33751	9	1	1	0	0,0,0,1101,0				
33958	9	1	1	0	0,0,0,1101,0				
34000	1	1	1	0	0,1204,0,0,0				
34165	9	1	1	0	0,0,0,1101,0				
34372	9	1	1	0	0,0,0,1101,0				
34785	9	1	1	0	0,0,1101,0,0				
35405	1	1	1	0	0,0,1302,0,0				
36646	8	1	1	0	0,0,1101,0,0				
36853	9	1	1	0	0,0,1101,0,0				
37059	8	1	1	0	0,0,1101,0,0				
37266	9	1	1	0	0,0,1101,0,0				
37680	8	1	1	0	0,1101,0,0,0				
37886	8	1	1	0	0,1101,0,0,0				
38507	12	1	1	0	0,0,1101,0,0				
38920	3	1	1	0	0,0,0,1101,0				
38920	4	1	1	0	0,1101,0,0,0				
39127	3	1	1	0	0,0,0,1101,0				
39127	4	1	1	0	0,1101,0,0,0				
39540	11	1	1	0	0,0,1101,0,0				
39540	2	1	1	0	1101,0,0,0,0				
39540	5	1	1	0	0,1101,0,0,0				
39540	6	1	1	0	0,0,0,1101,0				
39540	8	1	1	0	0,0,0,0,1101			star	