Test									
StartTime	HairColor	AIHairColor	ShockEffect	SoundEffect	Line	Stair	movable	progress	door
3304	8	1	1	0	0,0,1101,0,0				
3638	8	1	1	0	0,0,1101,0,0				
3800	1	1	1	0	1601,0,0,0,1601				
3971	8	1	1	0	0,0,1101,0,0				
4000	1	1	1	0	1601,0,0,0,1601				
4200	1	1	1	0	1601,0,0,0,1601				
4304	8	1	1	0	0,0,1101,0,0				
4400	1	1	1	0	1601,0,0,0,1601				
4600	1	1	1	0	1601,0,0,0,1601				
4638	8	1	1	0	0,0,1101,0,0				
4800	1	1	1	0	1601,0,0,0,1601				
5000	1	1	1	0	1601,1601,0,1601,1601				
5200	1	1	1	0	1601,1601,0,1601,1601				
5400	1	1	1	0	1601,1601,0,1601,1601				
5600	1	1	1	0	1601,1601,0,1601,1601				
5800	1	1	1	0	1601,1601,0,1601,1601				
5971	1	1	1	0	0,0,1301,0,0				
6638	8	1	1	0	0,0,1101,0,0				
7304	9	1	1	0	0,0,1101,0,0				
7638	9	1	1	0	0,1101,0,0,0				
7971	9	1	1	0	1101,0,0,1205,0				
8304	9	1	1	0	0,1101,0,0,0				
8638	2	1	1	0	0,0,1101,0,0				
9304	4	1	1	0	1101,0,0,0,0				
9971	8	1	1	0	0,0,1101,0,0				
10304	8	1	1	0	0,0,0,1101,0				
10638	8	1	1	0	0,1204,0,0,1101				
10971	8	1	1	0	0,0,0,1101,0				
11304	3	1	1	0	0,0,1101,0,0				
11971	5	1	1	0	0,0,0,0,1101				
12638	7	1	1	0	0,0,1101,0,0			star	
12971	7	1	1	0	0,1101,0,0,0				
13304	7	1	1	0	0,0,1101,0,0				
13638	7	1	1	0	0,0,0,1101,0				
13971	11	1	1	0	0,0,1101,0,0				
14638	11	1	1	0	0,0,1101,0,0				
15638	1	1	1	0	0,0,1302,0,0				
16638	11	1	1	0	0,0,1101,0,0				
17304	1	1	1	0	0,0,1401,0,0				
17971	2	1	1	0	0,1101,0,1101,0				
18304	5	1	1	0	0,1101,0,1101,0				
18638	2	1	1	0	0,1101,0,1101,0				
18971	5	1	1	0	0,1101,0,1101,0				
19304	2	1	1	0	1101,0,1101,0,1101				
19971	5	1	1	0	0,1101,1101,1101,0				
20638	8	1	1	0	0,0,0,1101,0				
20638	3	1	1	0	0,1101,0,0,0				
20971	9	1	1	0	0,0,0,1101,0				
20971	4	1	1	0	0,1101,0,0,0				
21304	8	1	1	0	0,0,0,1101,0				
21304	3	1	1	0	0,1101,0,0,0				
21638	9	1	1	0	0,0,0,1101,0				
21638	4	1	1	0	0,1101,0,0,0				
21971	8	1	1	0	0,0,0,0,1101				
21971	3	1	1	0	1101,0,0,0,0				
22638	12	1	1	0	0,0,1101,0,0				
23200	1	1	1	0	0,0,0,0,0		0,1701,1701,1701,0		
23304	11	1	1	0	0,0,1101,0,0				
23304	10	1	1	0	0,1101,0,1101,0				
23400	1	1	1	0	0,0,0,0,0		0,1701,1701,1701,0		
23600	1	1	1	0	0,0,0,0,0		0,1701,1701,1701,0		
23638	10	1	1	0	0,0,1101,0,0				
23638	11	1	1	0	0,1101,0,1101,0				
23800	1	1	1	0	0,0,0,0,0		0,1701,1701,1701,0		
23971	11	1	1	0	0,0,1101,0,0				
23971	10	1	1	0	0,1101,0,1101,0				
24000	1	1	1	0	0,0,0,0,0		0,1701,1701,1701,0		
24200	1	1	1	0	0,0,0,0,0		0,1701,1701,1701,0		
24304	10	1	1	0	0,0,1101,0,0				
24304	11	1	1	0	0,1101,0,1101,0				
24400	1	1	1	0	0,0,0,0,0		0,1701,1701,1701,0		
24600	1	1	1	0	0,0,0,0,0		0,1701,1701,1701,0		
24638	11	1	1	0	0,0,1101,0,0				
24638	10	1	1	0	0,1101,0,1101,0			star	
24800	1	1	1	0	0,0,0,0,0		0,1701,1701,1701,0		
25000	1	1	1	0	0,0,0,0,0		0,1701,1701,1701,0		
25200	1	1	1	0	0,0,0,0,0		0,1701,1701,1701,0		
25304	10	1	1	0	0,0,1101,0,0				
25304	11	1	1	0	0,1101,0,1101,0				
25400	1	1	1	0	0,0,0,0,0		0,1701,1701,1701,0		
26871	1	1	1	0	0,0,1210,0,0				
27304	2	1	1	0	0,1101,0,0,0				
27600	1	1	1	0	0,0,0,1201,0				
27971	2	1	1	0	0,1101,0,0,0				
28000	1	1	1	0	0,0,0,0,1201				
28600	1	1	1	0	1601,1601,0,0,0				
28638	4	1	1	0	0,0,0,1101,0				
28800	1	1	1	0	1601,1601,0,0,0				
29000	1	1	1	0	1601,1601,0,0,0				
29200	1	1	1	0	1601,1601,0,0,0				
29304	4	1	1	0	0,0,0,1101,0				
29971	9	1	1	0	0,0,1101,0,0				
30638	9	1	1	0	0,0,1101,0,0				
31200	1	1	1	0	0,1601,0,1601,0				
31400	1	1	1	0	0,1601,0,1601,0				
31600	1	1	1	0	0,1601,0,1601,0				
31800	1	1	1	0	0,1601,0,1601,0				
32000	1	1	1	0	0,1601,0,1601,0				
32638	5	1	1	0	0,0,0,0,1101				
33000	1	1	1	0	0,0,1202,0,0				
33304	5	1	1	0	0,0,0,0,1101				
33971	8	1	1	0	0,0,1101,0,0				
34638	8	1	1	0	0,0,1101,0,0				
35304	6	1	1	0	0,1101,0,0,0				
35304	4	1	1	0	0,0,0,1101,0				
35304	10	1	1	0	0,0,1101,0,0				
35304	3	1	1	0	1101,0,0,0,0				
35304	2	1	1	0	0,0,0,0,1101				
35971	6	1	1	0	0,1101,0,0,0				
35971	4	1	1	0	0,0,0,1101,0				
35971	10	1	1	0	0,0,1101,0,0				
35971	3	1	1	0	1101,0,0,0,0				
35971	2	1	1	0	0,0,0,0,1101			star	