Test										
StartTime	HairColor	AIHairColor	ShockEffect	SoundEffect	Line	Stair	movable	progress	door	decorate
1200	1	1	1	0	0,0,0,0,0	1501,1501,1501,1501,1501				
1204	1	1	1	0	0,0,1101,0,0					
1856	2	1	1	0	0,1101,0,0,0					
2508	3	1	1	0	1101,0,0,0,0					
3160	4	1	1	0	0,1101,0,0,0					
3200	1	1	1	0	0,0,0,0,0	1505,1505,1505,1505,1505				
3812	5	1	1	0	0,0,1101,0,0					
4465	6	1	1	0	0,0,0,1101,0					
5117	7	1	1	0	0,0,1101,0,0					
6000	1	1	1	0	0,0,0,1601,1601					
6200	1	1	1	0	0,0,0,1601,1601					
6400	1	1	1	0	0,0,0,1601,1601					
6421	11	1	1	0	0,1101,0,0,0					
6600	1	1	1	0	0,0,0,1601,1601					
6747	11	1	1	0	0,1101,0,0,0					
7399	11	1	1	0	0,0,1101,0,0					
8052	1	1	1	0	0,0,1401,0,0					
9030	2	1	1	0	1101,1101,0,0,0					
9356	4	1	1	0	0,0,0,1101,1101					
9682	6	1	1	0	1101,1101,0,0,0					
10008	8	1	1	0	0,0,0,1101,1101					
10334	9	1	1	0	1101,1101,0,0,0					
11639	1	1	1	0	0,0,1301,0,0					
12291	8	1	1	0	0,0,1101,0,0			star		
12943	8	1	1	0	0,0,1101,0,0					
14247	5	1	1	0	0,0,1101,0,0					
14247	2	1	1	0	0,0,0,1101,0					
14899	5	1	1	0	1101,0,0,0,0					
14899	2	1	1	0	0,1101,0,1206,0					
15552	5	1	1	0	0,0,1101,0,0					
15552	2	1	1	0	0,0,0,1101,0					
16204	5	1	1	0	1101,0,0,0,0					
16204	2	1	1	0	0,1101,0,1206,0					
18160	4	1	1	0	0,0,1101,0,0					
18800	1	1	1	0	0,0,1204,0,0					
18812	4	1	1	0	0,0,0,0,1101					
19465	4	1	1	0	0,0,1101,0,0					
20769	3	1	1	0	0,0,1101,0,0					
21421	3	1	1	0	0,0,0,1101,0					
22073	3	1	1	0	0,1101,0,0,0					
22725	1	1	1	0	0,0,1302,0,0					
23378	6	1	1	0	0,0,1101,0,0			star		
24030	6	1	1	0	0,0,1101,0,0					
24682	6	1	1	0	0,0,1101,0,0					
25200	1	1	1	0	0,0,1202,0,0					2002,2003
25986	1	1	1	0	0,1101,0,0,1801					
26639	1	1	1	0	1800,0,0,1101,0					
27291	1	1	1	0	0,1101,0,1801,0					
27943	1	1	1	0	0,1800,0,1101,0					
28800	1	1	1	0	1601,0,0,0,1601					
28921	8	1	1	0	0,0,1101,0,0					
29000	1	1	1	0	1601,0,0,0,1601					
29200	1	1	1	0	1601,0,0,0,1601					
29247	8	1	1	0	0,0,1101,0,0					
29400	1	1	1	0	1601,0,0,0,1601					
29573	8	1	1	0	0,0,1101,0,0					
29899	4	1	1	0	0,1101,0,0,0					
30552	6	1	1	0	0,0,0,1101,0					
31200	1	1	1	0	0,0,0,0,0		0,1701,1701,0,0			
31204	4	1	1	0	0,0,1101,0,0					
31400	1	1	1	0	0,0,0,0,0		0,1701,1701,0,0			
31530	6	1	1	0	0,0,1101,0,0					
31600	1	1	1	0	0,0,0,0,0		0,1701,1701,0,0			
31800	1	1	1	0	0,0,0,0,0		0,1701,1701,0,0			
31856	4	1	1	0	0,0,1101,0,0					
32000	1	1	1	0	0,0,0,0,0		0,1701,1701,0,0			
32182	6	1	1	0	0,0,1101,0,0					
32200	1	1	1	0	0,0,0,0,0		0,1701,1701,0,0			
33812	1	1	1	0	0,0,0,0,0				1901_6_3_2,1901_4_4_2	
35117	4	1	1	0	0,0,1101,0,0					
35769	4	1	1	0	0,1101,0,0,0					
35800	1	1	1	0	0,0,0,1202,0					
36421	4	1	1	0	1101,0,0,0,0					
37726	10	1	1	0	0,0,1101,0,0					
37726	1	1	1	0	1101,0,0,0,0					
37726	8	1	1	0	0,1101,0,0,0					
37726	2	1	1	0	0,0,0,1101,0					
37726	6	1	1	0	0,0,0,0,1101			star		
