Test										
StartTime	HairColor	AIHairColor	ShockEffect	SoundEffect	Line	Stair	movable	progress	door	decorate
1860	4	1	1	0	0,0,1101,0,0					
2340	9	1	1	0	0,0,1101,0,0					
2820	2	1	1	0	0,0,1101,0,0					
3780	8	1	1	0	0,1101,0,0,0					
4740	8	1	1	0	0,0,0,1101,0					
5000	1	1	1	0	0,1201,0,0,0					
5700	8	1	1	0	0,1101,0,0,0					
6200	1	1	1	0	0,0,0,1202,0					
6660	8	1	1	0	0,0,0,1101,0					
7620	1	1	1	0	0,0,0,0,0				1901_11_1_30,1903_1_1	
8580	9	1	1	0	0,1101,0,0,0					
8580	8	1	1	0	1101,0,0,0,0					
8580	4	1	1	0	0,0,1101,0,0					
9000	1	1	1	0	0,1202,0,0,0					
9540	3	1	1	0	0,0,0,0,1101					
9540	7	1	1	0	0,0,1101,0,0					
9540	2	1	1	0	0,0,0,1101,0					
10000	1	1	1	0	0,0,0,1201,0					
10500	9	1	1	0	0,1101,0,0,0					
10500	8	1	1	0	1101,0,0,0,0					
10500	4	1	1	0	0,0,1101,0,0					
11460	1	1	1	0	0,0,0,0,0				0,1902_3_3_3	
12400	1	1	1	0	0,0,0,0,0	0,1501,1501,1501,0				
12420	9	1	1	0	0,1101,0,0,0					
12900	9	1	1	0	0,0,1101,0,0					
13200	1	1	1	0	0,0,0,0,0	0,1505,1505,1505,0				
13380	9	1	1	0	0,0,0,1101,0			star		
13860	9	1	1	0	0,0,1101,0,0					
14200	1	1	1	0	0,0,0,0,0	0,1501,1501,1501,0				
14340	9	1	1	0	0,1101,0,0,0					
14820	9	1	1	0	0,0,1101,0,0					
15000	1	1	1	0	0,0,0,0,0	0,1505,1505,1505,0				
15300	9	1	1	0	0,0,1101,0,0					
16260	8	1	1	0	0,1101,0,0,0					
17220	2	1	1	0	0,0,0,1101,0					
18180	8	1	1	0	0,1101,0,0,0					
19000	1	1	1	0	1601,0,1601,1601,1601					
19140	2	1	1	0	0,1101,0,0,0					
19200	1	1	1	0	1601,0,1601,1601,1601					
19400	1	1	1	0	1601,0,1601,1601,1601					
19600	1	1	1	0	1601,0,1601,1601,1601					
19800	1	1	1	0	1601,0,1601,1601,1601					
19860	2	1	1	0	0,1101,0,0,0					
21000	1	1	1	0	1601,1601,1601,0,1601					
21060	8	1	1	0	0,0,0,1101,0					
21200	1	1	1	0	1601,1601,1601,0,1601					
21400	1	1	1	0	1601,1601,1601,0,1601					
21600	1	1	1	0	1601,1601,1601,0,1601					
21780	8	1	1	0	0,0,0,1101,0					
21800	1	1	1	0	1601,1601,1601,0,1601					
22980	1	1	1	0	0,0,0,0,0					
23880	1	1	1	0	0,0,1210,0,0					
23940	7	1	1	0	0,0,0,0,0					
24900	7	1	1	0	0,0,0,1101,0					
25860	7	1	1	0	0,1101,0,0,0					
26820	1	1	1	0	0,0,0,0,0			star	1908_1_1,0	
27600	1	1	1	0	0,0,0,0,0	1501,1501,0,0,0				
27780	1	1	1	0	0,0,0,0,0					0,2002
27780	8	1	1	0	1101,0,0,0,0					
27800	1	1	1	0	0,0,0,0,0					
28000	1	1	1	0	0,0,0,0,0					
28200	1	1	1	0	0,0,0,0,0					
28260	1	1	1	0	0,0,0,0,0					
28260	6	1	1	0	1101,0,0,0,0					
28400	1	1	1	0	0,0,0,0,0	1504,1504,0,0,0				
28600	1	1	1	0	0,0,0,0,0					
28740	1	1	1	0	0,0,0,0,0					
28740	5	1	1	0	0,1101,0,0,0					
28800	1	1	1	0	0,0,0,0,0					
29000	1	1	1	0	0,0,0,0,0					
29200	1	1	1	0	0,0,0,0,0					
29220	1	1	1	0	0,0,0,0,0					
29220	2	1	1	0	0,1101,0,0,0					
29400	1	1	1	0	0,0,0,0,0					
29600	1	1	1	0	0,0,0,0,0	1502,1502,0,0,0				
29700	1	1	1	0	0,0,0,0,0					
29700	9	1	1	0	1101,0,0,0,0					
29800	1	1	1	0	0,0,0,0,0					
30000	1	1	1	0	0,0,0,0,0					
30180	1	1	1	0	0,0,0,0,0					
30180	11	1	1	0	1101,0,0,0,0					
30200	1	1	1	0	0,0,0,0,0					
30400	1	1	1	0	0,0,0,0,0	1505,1505,0,0,0				
30600	1	1	1	0	0,0,0,0,0					
30660	1	1	1	0	0,0,0,0,0					
30660	10	1	1	0	0,1101,0,0,0					
30800	1	1	1	0	0,0,0,0,0					
31620	10	1	1	0	0,0,1101,0,0					
32400	1	1	1	0	0,1802,0,0,0					
32580	10	1	1	0	0,0,0,0,1101					
33000	1	1	1	0	0,0,0,0,1802					
33540	10	1	1	0	0,0,1101,0,0					
34000	1	1	1	0	0,0,0,1802,0					
34500	12	1	1	0	1101,0,0,0,0					
35000	1	1	1	0	1800,0,0,0,0					
35460	12	1	1	0	0,0,1101,0,0					
36200	1	1	1	0	1601,1601,0,0,0					
36400	1	1	1	0	1601,1601,0,0,0					
36420	12	1	1	0	0,0,0,1101,0					
36600	1	1	1	0	1601,1601,0,0,0					
37380	12	1	1	0	0,1101,0,0,0					
37800	1	1	1	0	0,0,0,0,1802					
38340	12	1	1	0	0,0,1101,0,0					
39300	12	1	1	0	0,0,1101,0,0					
39300	2	1	1	0	1101,0,0,0,0					
39300	8	1	1	0	0,1101,0,0,0					
39300	7	1	1	0	0,0,0,1101,0					
39300	3	1	1	0	0,0,0,0,1101			star		
