Test										
StartTime	HairColor	AIHairColor	ShockEffect	SoundEffect	Line	Stair	movable	progress	door	decorate
1400	1	1	1	0	0,0,0,0,0	0,0,1501,0,0				
2000	1	1	1	0	0,0,0,0,0	0,0,1503,0,0				
2148	5	1	1	0	0,0,1101,0,0					
2200	1	1	1	0	0,1202,0,1202,0					
2600	1	1	1	0	0,1202,0,1202,0					
2911	5	1	1	0	0,0,1101,0,0					
3000	1	1	1	0	0,1202,0,1202,0					
3200	1	1	1	0	0,0,0,0,0	0,0,1505,0,0				
4182	3	1	1	0	0,1101,0,0,0					
4945	1	1	1	0	0,0,0,0,0				1902_3_1_50,0	
5400	1	1	1	0	0,0,0,0,0	0,0,0,1501,0				
6000	1	1	1	0	0,0,0,0,0	0,0,0,1503,0				
6200	1	1	1	0	0,1202,0,0,0					
6216	9	1	1	0	0,0,0,1101,0					
6600	1	1	1	0	0,1202,0,0,0					
6979	9	1	1	0	0,0,0,1101,0					
7000	1	1	1	0	0,1202,0,0,0					
7200	1	1	1	0	0,0,0,0,0	0,0,0,1505,0				
8250	7	1	1	0	0,0,1101,0,0					
9013	1	1	1	0	0,0,0,0,0				0,1904_1_1	
9400	1	1	1	0	0,0,0,0,0	1501,0,0,0,0				
10000	1	1	1	0	0,0,0,0,0	1503,0,0,0,0				
10200	1	1	1	0	0,0,0,1202,0					
10284	6	1	1	0	1101,0,0,0,0					
10600	1	1	1	0	0,0,0,1202,0					
11000	1	1	1	0	0,0,0,1202,0					
11047	6	1	1	0	1101,0,0,0,0					
11200	1	1	1	0	0,0,0,0,0	1505,0,0,0,0				
12318	8	1	1	0	0,0,1101,0,0			star		
13081	1	1	1	0	0,0,0,0,0					
13981	1	1	1	0	0,0,1210,0,0					
14352	12	1	1	0	0,0,1402,0,0					
15115	12	1	1	0	0,0,0,0,0					
15877	1	1	1	0	0,0,1301,0,0					
16386	4	1	1	0	0,0,1101,0,0					
16725	4	1	1	0	0,0,1101,0,0					
17148	4	1	1	0	0,0,1101,0,0					
17911	8	1	1	0	0,1101,0,0,0					
17911	9	1	1	0	0,0,0,1101,0					
18928	8	1	1	0	0,1101,0,0,0					
18928	9	1	1	0	0,0,0,1101,0					
19945	9	1	1	0	0,1101,0,0,0					
20453	9	1	1	0	0,1101,0,0,0					
20600	1	1	1	0	0,0,0,1206,0					
20792	9	1	1	0	0,1101,0,0,0					
21216	9	1	1	0	0,1101,0,0,0					
21979	3	1	1	0	1101,0,0,0,0					
21979	5	1	1	0	0,0,1101,0,0					
21979	6	1	1	0	0,0,0,0,1101					
22996	3	1	1	0	1101,0,0,0,0					
22996	5	1	1	0	0,0,1101,0,0					
22996	6	1	1	0	0,0,0,0,1101					
24013	7	1	1	0	0,0,0,1101,0			star		
24521	7	1	1	0	0,0,0,1101,0					
24600	1	1	1	0	0,1206,0,0,0					
24860	7	1	1	0	0,0,0,1101,0					
25284	7	1	1	0	0,0,0,1101,0					
26047	2	1	1	0	0,0,0,0,1101					
26047	9	1	1	0	0,0,1101,0,0					
26047	4	1	1	0	1101,0,0,0,0					
27064	2	1	1	0	0,0,0,0,1101					
27064	9	1	1	0	0,0,1101,0,0					
27064	4	1	1	0	1101,0,0,0,0					
28081	11	1	1	0	0,0,1101,0,0					
28589	11	1	1	0	0,0,1101,0,0					
28928	11	1	1	0	0,0,1101,0,0					
29267	11	1	1	0	0,0,1101,0,0					
30114	10	1	1	0	0,1101,0,0,0					
30114	12	1	1	0	0,0,0,1101,0					
31131	10	1	1	0	0,1101,0,0,0					
31131	12	1	1	0	0,0,0,1101,0					
32148	1	1	1	0	0,0,1302,0,0					
32657	12	1	1	0	0,0,0,0,0					
33420	12	1	1	0	0,0,0,0,0					2001,2002
35453	2	1	1	0	0,1101,0,0,0					
35453	3	1	1	0	1101,0,0,0,0					
35453	12	1	1	0	0,0,1101,0,0					
35453	5	1	1	0	0,0,0,1101,0					
35453	9	1	1	0	0,0,0,0,1101			star		
