Test										
StartTime	HairColor	AIHairColor	ShockEffect	SoundEffect	Line	Stair	movable	progress	door	decorate
2579	12	1	1	0	0,0,1101,0,0					
3721	4	1	1	0	0,1101,0,0,0					
4007	4	1	1	0	0,1101,0,0,0					
4293	4	1	1	0	0,1101,0,0,0					
4864	11	1	1	0	0,0,1101,0,0					
5436	11	1	1	0	0,0,1101,0,0					
6007	9	1	1	0	0,0,0,1101,0					
6293	9	1	1	0	0,0,0,1101,0					
6578	9	1	1	0	0,0,0,1101,0					
7150	1	1	1	0	0,0,0,0,0				1908_1_1,0	
8293	3	1	1	0	0,0,1101,0,0					
8579	3	1	1	0	0,0,1101,0,0					
8864	3	1	1	0	0,0,1101,0,0					
9436	7	1	1	0	0,1101,0,0,1801					
10007	7	1	1	0	1800,0,0,1101,0					
10579	7	1	1	0	0,1101,0,0,1801					
11150	7	1	1	0	1800,0,0,1101,0					
11721	1	1	1	0	0,0,0,0,0				1901_11_1_40,1901_8_2_30	
12864	8	1	1	0	0,1101,0,1202,0					
13150	8	1	1	0	0,1101,0,1202,0			star		
13436	8	1	1	0	0,1101,0,1202,0					
14007	10	1	1	0	0,0,1101,0,0					
14579	10	1	1	0	0,0,1101,0,0					
15000	1	1	1	0	1601,0,0,0,0					
15150	4	1	1	0	0,0,0,1101,0					
15200	1	1	1	0	1601,0,0,0,0					
15400	1	1	1	0	1601,0,0,0,0					
15436	4	1	1	0	0,0,0,1101,0					
15600	1	1	1	0	1601,0,0,0,0					
15721	4	1	1	0	0,0,0,1101,0					
16293	1	1	1	0	0,0,0,0,0					
17193	12	1	1	0	0,0,0,0,0					
18007	1	1	1	0	0,0,1401,0,0					
18579	12	1	1	0	0,1101,1101,1101,0					
19150	7	1	1	0	1101,0,1101,0,1101					
19721	12	1	1	0	0,1101,1101,1101,0					
20293	8	1	1	0	1101,0,1101,0,1101					
20864	1	1	1	0	0,0,0,0,0				1903_1_1,1901_12_3_2	
21800	1	1	1	0	0,0,0,0,0	0,1501,1501,1501,0				
22007	5	1	1	0	0,0,0,1101,0					
22293	5	1	1	0	0,0,0,1101,0					
22579	5	1	1	0	0,0,0,1101,0					
23000	1	1	1	0	0,0,0,0,0	0,1503,1503,1503,0				
23150	12	1	1	0	0,0,1101,0,0					
23721	12	1	1	0	0,0,1101,0,0					
24200	1	1	1	0	0,0,0,0,0	0,1502,1502,1502,0				
24293	6	1	1	0	0,1101,0,0,0					
24579	6	1	1	0	0,1101,0,0,0					
24864	6	1	1	0	0,1101,0,0,0					
25200	1	1	1	0	0,0,0,0,0	0,1503,1503,1503,0				
25436	11	1	1	0	0,0,1101,0,0					
26579	4	1	1	0	0,0,1101,0,0			star		
26864	4	1	1	0	0,0,1101,0,0					
27150	4	1	1	0	0,0,1101,0,0					
27400	1	1	1	0	0,0,0,0,0	0,1505,1505,1505,0				
27721	2	1	1	0	0,1101,0,0,0					
28293	2	1	1	0	0,0,0,1101,0					
28600	1	1	1	0	0,0,0,0,0					
28864	2	1	1	0	0,1101,0,0,0					
29200	1	1	1	0	0,0,0,0,0					
29436	2	1	1	0	0,0,0,1101,0					
30007	1	1	1	0	0,0,0,0,0					
30907	1	1	1	0	0,0,1210,0,0					
31000	1	1	1	0	1601,0,0,0,1601					
31150	9	1	1	0	0,0,1101,0,0					
31200	1	1	1	0	1601,0,0,0,1601					
31400	1	1	1	0	1601,0,0,0,1601					
31436	9	1	1	0	0,0,1101,0,0					
31600	1	1	1	0	1601,0,0,0,1601					
31721	9	1	1	0	0,0,1101,0,0					
31800	1	1	1	0	1601,0,0,0,1601					
32293	10	1	1	0	0,0,1101,0,0					
32864	10	1	1	0	0,0,1101,0,0					
33436	2	1	1	0	0,1101,0,0,0					
33721	2	1	1	0	0,1101,0,0,0					
34007	2	1	1	0	0,1101,0,0,0					
34579	1	1	1	0	0,0,0,0,0				1902_11_1_30,0	
35721	5	1	1	0	0,0,0,1101,0					
36007	5	1	1	0	0,0,0,1101,0					
36293	5	1	1	0	0,0,0,1101,0					
36864	12	1	1	0	0,0,1101,0,0					
37436	12	1	1	0	0,0,1101,0,0					
38007	12	1	1	0	0,0,1101,0,0					
38579	12	1	1	0	0,0,1101,0,0					
38579	2	1	1	0	1101,0,0,0,0					
38579	9	1	1	0	0,1101,0,0,0					
38579	8	1	1	0	0,0,0,1101,0					
38579	4	1	1	0	0,0,0,0,1101			star		