Test										
StartTime	HairColor	AIHairColor	ShockEffect	SoundEffect	Line	Stair	movable	progress	door	decorate
1571	1	1	1	0	0,0,1402,0,0					
3000	1	1	1	0	0,0,0,0,0	1501,1501,0,1501,1501				
3206	8	1	1	0	0,0,0,1101,0					
3206	9	1	1	0	0,1101,0,0,0					
3533	8	1	1	0	0,0,0,1101,0					
3533	9	1	1	0	0,1101,0,0,0					
3600	1	1	1	0	0,0,0,0,0	1505,1505,0,1505,1505				
3861	4	1	1	0	0,0,0,0,1101					
3861	2	1	1	0	1101,0,0,0,0					
4188	4	1	1	0	0,0,0,0,1101					
4188	2	1	1	0	1101,0,0,0,0					
5496	1	1	1	0	0,0,0,0,0					
6396	1	1	1	0	0,0,1210,0,0					
6800	1	1	1	0	0,0,0,0,0		0,1701,1701,0,0			
6805	12	1	1	0	0,0,1101,0,0					
7000	1	1	1	0	0,0,0,0,0		0,1701,1701,0,0			
7200	1	1	1	0	0,0,0,0,0		0,1701,1701,0,0			
7400	1	1	1	0	0,0,0,0,0		0,1701,1701,0,0			
7459	12	1	1	0	0,0,1101,0,0					
7600	1	1	1	0	0,0,0,0,0		0,1701,1701,0,0			
7800	1	1	1	0	0,0,0,0,0		0,1701,1701,0,0			
8000	1	1	1	0	0,0,0,0,0		0,1701,1701,0,0			
8114	12	1	1	0	0,0,1101,0,0					
8200	1	1	1	0	0,0,0,0,0		0,1701,1701,0,0			
9422	1	1	1	0	0,0,0,0,0				1901_11_3_3,1907_1_1	
10731	1	1	1	0	0,0,1301,0,0			star		
11385	4	1	1	0	0,0,1101,0,0					
11712	4	1	1	0	0,0,1101,0,0					
12039	4	1	1	0	0,0,1101,0,0					
12694	11	1	1	0	0,1101,0,0,0					
13348	8	1	1	0	1101,0,0,0,0					
13675	8	1	1	0	1101,0,0,1205,0					
14002	8	1	1	0	1101,0,0,0,0					
14657	9	1	1	0	0,1101,0,0,0					
15311	9	1	1	0	0,0,0,1101,0					
15965	9	1	1	0	0,1101,0,0,0					
16620	2	1	1	0	0,0,1101,0,0					
16947	2	1	1	0	0,0,1101,0,0					
17274	2	1	1	0	0,0,1101,0,0					
17928	10	1	1	0	0,0,0,1101,0					
18582	9	1	1	0	0,0,0,0,1101					
18910	9	1	1	0	0,1204,0,0,1101					
19237	9	1	1	0	0,0,0,0,1101					
19891	8	1	1	0	0,0,0,1101,0					
20545	8	1	1	0	0,1101,0,0,0			star		
21200	8	1	1	0	0,0,0,1101,0					
21854	12	1	1	0	0,0,1101,0,0					
22181	12	1	1	0	0,0,1101,0,0					
22508	12	1	1	0	0,0,1101,0,0					
23163	12	1	1	0	0,0,1101,0,0					
23817	12	1	1	0	0,1101,0,0,0					
24471	12	1	1	0	1101,0,0,0,0					
25126	12	1	1	0	0,1101,0,0,0					
26107	7	1	1	0	0,0,0,0,1101					
26107	4	1	1	0	0,0,0,1101,0					
26107	8	1	1	0	1101,0,0,0,0					
26107	2	1	1	0	0,1101,0,0,0					
26107	9	1	1	0	0,0,1101,0,0					
27088	1	1	1	0	0,0,1302,0,0					
28070	1	1	1	0	0,0,0,0,0					2002,2003
28724	1	1	1	0	0,0,0,0,0					
29051	1	1	1	0	0,0,0,0,0					
29379	1	1	1	0	0,0,0,0,0					
29706	1	1	1	0	0,0,0,0,0					
30033	1	1	1	0	0,0,0,0,0					
30360	1	1	1	0	0,0,0,0,0					
30687	10	1	1	0	0,1101,0,0,0					
30687	12	1	1	0	0,0,0,1101,0			star		