Test										
StartTime	HairColor	AIHairColor	ShockEffect	SoundEffect	Line	Stair	movable	progress	door	decorate
1481	11	1	1	0	0,0,1101,0,0					
2600	1	1	1	0	0,0,0,0,0	1501,1501,1501,0,0				
2646	8	1	1	0	1101,0,0,0,0					
2937	8	1	1	0	1101,0,0,0,0					
3228	8	1	1	0	1101,0,0,0,0					
3600	1	1	1	0	0,0,0,0,0	1503,1503,1503,0,0				
3811	9	1	1	0	0,1101,0,0,0					
4102	9	1	1	0	0,1101,0,0,0					
4393	9	1	1	0	0,1101,0,0,0					
4800	1	1	1	0	0,0,0,0,0	1505,1505,1505,0,0				
4976	1	1	1	0	0,0,1101,0,0					
5267	1	1	1	0	0,0,1101,0,0					
5558	1	1	1	0	0,0,1101,0,0					
6141	1	1	1	0	0,0,0,0,0				1906_1_1,0	
7200	1	1	1	0	0,0,0,0,0	0,0,1501,1501,1501				
7306	2	1	1	0	0,0,1101,0,0					
7597	2	1	1	0	0,0,1101,0,0					
7888	2	1	1	0	0,0,1101,0,0					
8200	1	1	1	0	0,0,0,0,0	0,0,1503,1503,1503				
8471	5	1	1	0	0,0,0,1101,0					
8762	5	1	1	0	0,0,0,1101,0					
9053	5	1	1	0	0,0,0,1101,0					
9400	1	1	1	0	0,0,0,0,0	0,0,1505,1505,1505				
9636	4	1	1	0	0,0,0,0,1101					
9927	4	1	1	0	0,0,0,0,1101					
10218	4	1	1	0	0,0,0,0,1101					
10801	1	1	1	0	0,0,1301,0,0					
11966	12	1	1	0	0,1101,0,0,0					
12548	12	1	1	0	0,1101,0,0,0					
14296	10	1	1	0	0,0,0,1101,0			star		
14600	1	1	1	0	0,1206,0,0,0					
14879	10	1	1	0	0,0,0,1101,0					
16000	1	1	1	0	0,0,0,0,0					
16626	11	1	1	0	0,0,1101,0,0					
17209	11	1	1	0	0,0,1101,0,0					
17800	1	1	1	0	1204,0,0,0,1205					
18082	11	1	1	0	0,0,1101,0,0					
18665	11	1	1	0	0,0,1101,0,0					
19247	1	1	1	0	0,0,1302,0,0					
19600	1	1	1	0	1601,0,0,0,1601					
19800	1	1	1	0	1601,0,0,0,1601					
20000	1	1	1	0	1601,0,0,0,1601					
20121	8	1	1	0	0,0,1101,0,0					
20200	1	1	1	0	1601,0,0,0,1601					
20400	1	1	1	0	1601,0,0,0,1601					
20600	1	1	1	0	1601,0,0,0,1601					
20704	8	1	1	0	0,0,1101,0,0					
20800	1	1	1	0	1601,0,0,0,1601					
21000	1	1	1	0	1601,0,0,0,1601					
21200	1	1	1	0	1601,0,0,0,1601					
21286	8	1	1	0	0,0,1101,0,0					
21400	1	1	1	0	1601,0,0,0,1601					
21869	2	1	1	0	0,1101,0,0,0					
22160	2	1	1	0	0,1101,0,0,0					
22200	1	1	1	0	0,0,0,1202,0					
22451	2	1	1	0	0,1101,0,0,0					
23616	11	1	1	0	0,0,0,1101,0					
24199	11	1	1	0	0,1202,0,1101,0					
24781	1	1	1	0	0,0,0,1101,0					
25947	10	1	1	0	0,1101,0,0,0					
26529	10	1	1	0	0,1101,0,1202,0			star		
27112	1	1	1	0	0,1101,0,0,0					
28200	1	1	1	0	0,0,0,0,0		0,1701,1701,1701,0			
28277	8	1	1	0	0,0,1101,0,0					
28400	1	1	1	0	0,0,0,0,0		0,1701,1701,1701,0			
28600	1	1	1	0	0,0,0,0,0		0,1701,1701,1701,0			
28800	1	1	1	0	0,0,0,0,0		0,1701,1701,1701,0			
28859	8	1	1	0	0,0,1101,0,0					
29000	1	1	1	0	0,0,0,0,0		0,1701,1701,1701,0			
29200	1	1	1	0	0,0,0,0,0		0,1701,1701,1701,0			
29400	1	1	1	0	0,0,0,0,0		0,1701,1701,1701,0			
29442	8	1	1	0	0,0,1101,0,0					
29600	1	1	1	0	0,0,0,0,0		0,1701,1701,1701,0			
30600	1	1	1	0	1601,0,1601,0,1601					
30607	7	1	1	0	0,0,0,1101,0					
30607	3	1	1	0	0,1101,0,0,0					
30800	1	1	1	0	1601,0,1601,0,1601					
31000	1	1	1	0	1601,0,1601,0,1601					
31189	7	1	1	0	0,0,0,1101,0					
31189	3	1	1	0	0,1101,0,0,0					
31200	1	1	1	0	1601,0,1601,0,1601					
31400	1	1	1	0	1601,0,1601,0,1601					
31600	1	1	1	0	1601,0,1601,0,1601					
31772	7	1	1	0	0,0,0,1101,0					
31772	3	1	1	0	0,1101,0,0,0					
31800	1	1	1	0	1601,0,1601,0,1601					
32937	1	1	1	0	0,0,0,0,0				1901_3_3_2,1901_4_4_2	
33519	4	1	1	0	0,1101,0,0,0					
33811	4	1	1	0	0,1101,0,0,0					
34102	4	1	1	0	0,1101,0,0,0					
34684	6	1	1	0	0,0,0,1101,0					
34976	6	1	1	0	0,0,0,1101,0					
35267	6	1	1	0	0,0,0,1101,0					
35849	9	1	1	0	0,0,1101,0,0					
36141	9	1	1	0	0,0,1101,0,0					
36432	9	1	1	0	0,0,1101,0,0					
37597	12	1	1	0	0,0,1101,0,0					
37597	3	1	1	0	1101,0,0,0,0					
37597	4	1	1	0	0,1101,0,0,0					
37597	7	1	1	0	0,0,0,1101,0					
37597	8	1	1	0	0,0,0,0,1101			star		
