Test										
StartTime	HairColor	AIHairColor	ShockEffect	SoundEffect	Line	Stair	movable	progress	door	decorate
1600	1	1	1	0	0,0,0,0,0		0,1701,1701,1701,0			
1768	4	1	1	0	0,0,1101,0,0					
1800	1	1	1	0	0,0,0,0,0		0,1701,1701,1701,0			
2000	1	1	1	0	0,0,0,0,0		0,1701,1701,1701,0			
2200	1	1	1	0	0,0,0,0,0		0,1701,1701,1701,0			
2340	9	1	1	0	0,0,1101,0,0					
2400	1	1	1	0	0,0,0,0,0		0,1701,1701,1701,0			
2600	1	1	1	0	0,0,0,0,0		0,1701,1701,1701,0			
2800	1	1	1	0	0,0,0,0,0		0,1701,1701,1701,0			
2911	4	1	1	0	0,0,1101,0,0					
3000	1	1	1	0	0,0,0,0,0		0,1701,1701,1701,0			
3200	1	1	1	0	0,0,0,0,0		0,1701,1701,1701,0			
3400	1	1	1	0	0,0,0,0,0		0,1701,1701,1701,0			
3482	9	1	1	0	0,0,1101,0,0					
3600	1	1	1	0	0,0,0,0,0		0,1701,1701,1701,0			
4911	1	1	1	0	0,0,0,0,0				1902_10_1_100,0	
6200	1	1	1	0	0,0,0,1202,0					
6340	2	1	1	0	0,1101,0,0,0					
6600	1	1	1	0	0,0,0,1202,0					
6768	2	1	1	0	0,1101,0,0,0					
7000	1	1	1	0	0,0,0,1202,0					
7482	4	1	1	0	0,0,0,1101,0					
7911	4	1	1	0	0,0,0,1101,0					
8600	1	1	1	0	1601,0,0,0,1601					
8625	10	1	1	0	0,0,1101,0,0					
8800	1	1	1	0	1601,0,0,0,1601					
8911	10	1	1	0	0,0,1101,0,0					
9000	1	1	1	0	1601,0,0,0,1601					
9197	10	1	1	0	0,0,1101,0,0					
9200	1	1	1	0	1601,0,0,0,1601					
9400	1	1	1	0	1601,0,0,0,1601					
9600	1	1	1	0	1601,0,0,0,1601					
9768	10	1	1	0	0,0,1101,0,0					
9800	1	1	1	0	1601,0,0,0,1601					
10800	1	1	1	0	0,0,0,0,0	1501,1501,0,0,0		star		
10911	8	1	1	0	0,1101,0,0,0					
11200	1	1	1	0	0,0,0,0,0	1505,1505,0,0,0				
11339	8	1	1	0	0,1101,0,1402,0					
12000	1	1	1	0	0,0,0,0,0	0,0,0,1501,1501				
12054	6	1	1	0	0,0,0,1101,0					
12400	1	1	1	0	0,0,0,0,0	0,0,0,1505,1505				
12482	6	1	1	0	0,0,0,1101,0				1905_1_1,0	
12911	6	1	1	0	0,0,0,1101,0					
14339	1	1	1	0	0,0,0,0,0					
15239	1	1	1	0	0,0,1210,0,0					
15482	1	1	1	0	0,0,1301,0,0					
16625	10	1	1	0	0,1101,0,0,0					
17768	11	1	1	0	0,0,0,1101,0					
18911	10	1	1	0	0,0,1101,0,0					
20054	11	1	1	0	1101,0,1206,0,0			star		
21197	10	1	1	0	0,0,1101,0,0					
22339	11	1	1	0	0,0,1206,0,1101					
23482	1	1	1	0	0,0,1302,0,0					
24625	11	1	1	0	0,0,1101,0,0					
25197	11	1	1	0	0,0,1101,0,0					
25600	1	1	1	0	0,0,1601,0,0					
25768	10	1	1	0	0,1101,0,0,0					0,2002
25800	1	1	1	0	0,0,1601,0,0					
26000	1	1	1	0	0,0,1601,0,0					
26054	10	1	1	0	0,1101,0,0,0					
26200	1	1	1	0	0,0,1601,0,0					
26339	10	1	1	0	0,1101,0,0,0					
26400	1	1	1	0	0,0,1601,0,0					
26600	1	1	1	0	0,0,1601,0,0					
26625	10	1	1	0	0,1101,0,0,0					
26800	1	1	1	0	0,0,1601,0,0					
27000	1	1	1	0	0,0,1601,0,0					
27197	10	1	1	0	0,1101,0,0,0					
27200	1	1	1	0	0,0,1601,0,0					
28054	10	1	1	0	0,1101,0,0,0					
28625	1	1	1	0	0,0,1401,0,0					
29197	11	1	1	0	0,0,1101,0,0					
29482	11	1	1	0	0,1101,1101,1101,0					
29768	11	1	1	0	1101,1101,1101,1101,1101					
30054	11	1	1	0	1101,1101,1101,1101,1101					
30340	11	1	1	0	0,1101,0,1101,0			star		
