Test										
StartTime	HairColor	AIHairColor	ShockEffect	SoundEffect	Line	Stair	movable	progress	door	decorate
2628	6	1	1	0	0,0,1101,0,0					
4167	5	1	1	0	1101,0,0,0,0					
4200	1	1	1	0	0,0,0,1201,0					
4551	5	1	1	0	1101,0,0,0,0					
4600	1	1	1	0	0,0,0,1201,0					
4936	6	1	1	0	0,0,1101,0,0					
5321	6	1	1	0	0,0,1101,0,0					
5705	8	1	1	0	0,0,0,0,1101					
5800	1	1	1	0	0,1201,0,0,0					
6090	8	1	1	0	0,0,0,0,1101					
6200	1	1	1	0	0,1201,0,0,0					
6475	11	1	1	0	0,0,1101,0,0					
7244	1	1	1	0	0,0,0,0,0				1902_11_3_5,0	
8013	1	1	1	0	0,0,0,0,0				0,1904_1_1	
8782	4	1	1	0	0,1101,0,0,0					
8800	1	1	1	0	0,0,0,1202,0					
9167	4	1	1	0	0,1101,0,0,0					
9200	1	1	1	0	0,0,0,1202,0					
9551	4	1	1	0	0,1101,0,0,0					
9600	1	1	1	0	0,0,0,1202,0					
10600	1	1	1	0	0,0,0,0,0	0,0,0,1501,0				
10705	8	1	1	0	0,0,0,1101,0					
11282	3	1	1	0	0,0,0,1101,0					
11600	1	1	1	0	0,0,0,0,0	0,0,0,1503,0				
11667	3	1	1	0	0,0,0,1101,0			star		
12051	2	1	1	0	0,0,0,1101,0					
12244	2	1	1	0	0,0,0,1101,0					
12436	2	1	1	0	0,0,0,1101,0					
12600	1	1	1	0	0,0,0,0,0	0,0,0,1505,0				
12628	2	1	1	0	0,0,0,1101,0					
13013	2	1	1	0	0,0,0,1101,0					
14167	1	1	1	0	0,0,0,0,0				1901_2_1_50,1901_8_4_2	
14936	9	1	1	0	0,0,0,1101,0					
15321	9	1	1	0	0,0,0,1101,0					
15400	1	1	1	0	0,1202,0,0,0					
15705	9	1	1	0	0,0,0,1101,0					
16800	1	1	1	0	1601,0,0,1601,1601					
16859	2	1	1	0	0,1101,0,0,0					
17000	1	1	1	0	1601,0,0,1601,1601					
17200	1	1	1	0	1601,0,0,1601,1601					
17400	1	1	1	0	1601,0,0,1601,1601					
17436	5	1	1	0	0,1101,0,0,0					
17600	1	1	1	0	1601,0,0,1601,1601					
17800	1	1	1	0	1601,0,0,1601,1601					
17821	5	1	1	0	0,1101,0,0,0					
18000	1	1	1	0	1601,0,0,1601,1601					
18200	1	1	1	0	1601,0,0,1601,1601					
18205	11	1	1	0	0,1101,0,0,0					
18398	11	1	1	0	0,1101,0,0,0					
18400	1	1	1	0	1601,0,0,1601,1601					
18590	11	1	1	0	0,1101,0,0,0					
18600	1	1	1	0	1601,0,0,1601,1601					
18782	11	1	1	0	0,1101,0,0,0					
18800	1	1	1	0	1601,0,0,1601,1601					
20321	1	1	1	0	0,0,0,0,0					
21221	1	1	1	0	0,0,1210,0,0					
21859	11	1	1	0	0,0,1101,0,0			star		
23000	1	1	1	0	0,0,0,1601,1601					
23013	10	1	1	0	0,1101,0,0,0					
23200	1	1	1	0	0,0,0,1601,1601					
23400	1	1	1	0	0,0,0,1601,1601					
23590	10	1	1	0	0,1101,0,0,0					
23600	1	1	1	0	0,0,0,1601,1601					
23800	1	1	1	0	0,0,0,1601,1601					
23975	10	1	1	0	0,1101,0,0,0					
24000	1	1	1	0	0,0,0,1601,1601					
24551	4	1	1	0	0,0,1101,0,0					
25000	1	1	1	0	1601,1601,0,0,0					
25128	4	1	1	0	0,0,0,1101,0					
25200	1	1	1	0	1601,1601,0,0,0					
25400	1	1	1	0	1601,1601,0,0,0					
25513	4	1	1	0	0,0,0,1101,0					
25600	1	1	1	0	1601,1601,0,0,0					
26475	1	1	1	0	0,1401,0,1402,0					
27244	5	1	1	0	0,1101,1101,0,0					
27628	2	1	1	0	0,0,1101,1101,0					
28013	5	1	1	0	1101,1101,1101,0,0					
28398	2	1	1	0	0,0,1101,1101,1101					
29167	11	1	1	0	0,0,1101,0,0					
29600	1	1	1	0	0,0,1601,0,0					
29744	5	1	1	0	0,1101,0,0,0					
29744	2	1	1	0	0,0,0,1101,0					
29800	1	1	1	0	0,0,1601,0,0					
30000	1	1	1	0	0,0,1601,0,0					
30128	5	1	1	0	0,1101,0,0,0					
30128	2	1	1	0	0,0,0,1101,0					
30200	1	1	1	0	0,0,1601,0,0					
30400	1	1	1	0	0,0,1601,0,0					
30600	1	1	1	0	0,1601,1601,1601,0					
30705	10	1	1	0	1101,0,0,0,0					
30705	10	1	1	0	0,0,0,0,1101					
30800	1	1	1	0	0,0,1601,0,0					
31000	1	1	1	0	0,0,1601,0,0					
31090	4	1	1	0	0,1101,0,0,0					
31090	9	1	1	0	0,0,0,1101,0					
31200	1	1	1	0	0,0,1601,0,0					
31282	4	1	1	0	0,1101,0,0,0					
31282	9	1	1	0	0,0,0,1101,0					
31400	1	1	1	0	0,0,1601,0,0					
31475	4	1	1	0	0,1101,0,0,0					
31475	9	1	1	0	0,0,0,1101,0					
31600	1	1	1	0	0,0,1601,0,0					
31859	1	1	1	0	0,0,0,0,0					2002,2003
33782	4	1	1	0	0,0,1101,0,0					
33782	5	1	1	0	1101,0,0,0,0					
33782	12	1	1	0	0,1101,0,0,0					
33782	7	1	1	0	0,0,0,1101,0					
33782	9	1	1	0	0,0,0,0,1101			star		
