Test										
StartTime	HairColor	AIHairColor	ShockEffect	SoundEffect	Line	Stair	movable	progress	door	decorate
1743	1	1	1	0	0,0,0,0,0				1902_11_1_100,0	
3927	1	1	1	0	0,0,0,0,0				1903_1_1,1907_1_1	
6111	8	1	1	0	0,0,1101,0,0					
6800	1	1	1	0	0,0,0,1202,0					
7202	8	1	1	0	1101,0,0,0,0					
8294	8	1	1	0	0,0,1101,0,0					
8800	1	1	1	0	0,1202,0,0,0					
9386	8	1	1	0	0,0,0,0,1101					
9800	1	1	1	0	0,0,1201,0,0					
10478	8	1	1	0	0,0,1101,0,0					
11570	2	1	1	0	0,1101,0,0,0					
11843	2	1	1	0	0,1101,0,0,0					
12116	2	1	1	0	0,1101,0,0,0			star		
12662	2	1	1	0	0,0,0,0,0					2002,2003
13400	1	1	1	0	0,1201,0,0,0					
14000	1	1	1	0	0,0,0,1201,0					
14846	9	1	1	0	0,0,1101,0,0					
15938	9	1	1	0	0,1202,0,1101,0					
17030	9	1	1	0	0,1101,0,1202,0					
18121	9	1	1	0	0,1202,0,1101,0					
19213	9	1	1	0	0,1101,0,1202,0					
20200	1	1	1	0	1601,0,0,0,1601					
20305	6	1	1	0	0,0,1101,0,0					
20400	1	1	1	0	1601,0,0,0,1601					
20578	6	1	1	0	0,0,1101,0,0					
20600	1	1	1	0	1601,0,0,0,1601					
20800	1	1	1	0	1601,0,0,0,1601					
20851	6	1	1	0	0,0,1101,0,0					
21000	1	1	1	0	1601,0,0,0,1601					
21397	1	1	1	0	0,0,1401,0,0					
22489	11	1	1	0	0,1101,1101,1101,0					
22762	11	1	1	0	0,1101,1101,1101,0					
23035	11	1	1	0	1101,1101,1101,1101,1101					
23581	1	1	1	0	0,0,1301,0,0					
24673	11	1	1	0	0,0,1101,0,0			star		
25765	10	1	1	0	0,0,1204,0,1101					
26857	11	1	1	0	0,0,1101,0,0					
27949	10	1	1	0	1101,0,1205,0,0					
28904	11	1	1	0	0,0,0,1101,0					
29177	11	1	1	0	0,0,0,1101,0					
29200	1	1	1	0	0,1206,0,0,0					
29450	11	1	1	0	0,0,0,1101,0					
29723	11	1	1	0	0,0,0,1101,0					
31088	10	1	1	0	0,1101,0,0,0					
31361	10	1	1	0	0,1101,0,0,0					
31400	1	1	1	0	0,0,0,1206,0					
31634	10	1	1	0	0,1101,0,0,0					
31907	10	1	1	0	0,1101,0,0,0					
32316	1	1	1	0	0,0,1302,0,0					
33408	10	1	1	0	0,0,1101,0,0					
34500	11	1	1	0	0,1101,0,0,1802					
35592	10	1	1	0	0,1802,0,1101,0					
36411	11	1	1	0	0,0,1101,0,0					
36411	2	1	1	0	1101,0,0,0,0					
36411	7	1	1	0	0,1101,0,0,0					
36411	6	1	1	0	0,0,0,1101,0					
36411	12	1	1	0	0,0,0,0,1101			star		
