Test										
StartTime	HairColor	AIHairColor	ShockEffect	SoundEffect	Line	Stair	movable	progress	door	decorate
1800	1	1	1	0	1601,1601,0,1601,1601					
1919	10	1	1	0	0,0,1101,0,0					
2000	1	1	1	0	1601,1601,0,1601,1601					
2200	1	1	1	0	1601,1601,0,1601,1601					
2400	1	1	1	0	1601,1601,0,1601,1601					
2600	1	1	1	0	1601,1601,0,1601,1601					
2800	1	1	1	0	1601,1601,0,1601,1601					
3000	1	1	1	0	1601,1601,0,1601,1601					
3200	1	1	1	0	1601,1601,0,1601,1601					
3326	10	1	1	0	0,0,1101,0,0					
3400	1	1	1	0	1601,1601,0,1601,1601					
4732	1	1	1	0	0,0,0,0,0				1901_3_1_50,1903_1_1	
5600	1	1	1	0	0,0,0,0,0	0,0,1501,1501,1501				
5669	8	1	1	0	0,0,1101,0,0					
6138	8	1	1	0	0,0,0,1101,0					
6400	1	1	1	0	0,0,0,0,0	0,0,1505,1505,1505				
6607	8	1	1	0	0,0,0,0,1101					
6841	8	1	1	0	0,0,0,0,1101					
7076	8	1	1	0	0,0,0,0,1101					
8482	1	1	1	0	0,0,0,0,0				1901_9_3_4,1901_8_4_3	
9400	1	1	1	0	0,0,0,0,0	1501,1501,1501,0,0				
9419	9	1	1	0	0,0,1101,0,0					
9888	9	1	1	0	0,1101,0,0,0					
10200	1	1	1	0	0,0,0,0,0	1505,1505,1505,0,0				
10357	9	1	1	0	1101,0,0,0,0					
10591	9	1	1	0	1101,0,0,0,0					
10826	9	1	1	0	1101,0,0,0,0					
12232	1	1	1	0	0,0,0,0,0			star	1902_5_3_2,0	
13000	1	1	1	0	0,0,0,0,0		0,1701,1701,1701,0			
13169	5	1	1	0	0,0,1101,0,0					
13200	1	1	1	0	0,0,0,0,0		0,1701,1701,1701,0			
13400	1	1	1	0	0,0,0,0,0		0,1701,1701,1701,0			
13600	1	1	1	0	0,0,0,0,0		0,1701,1701,1701,0			
13638	5	1	1	0	0,0,1101,0,0					
13800	1	1	1	0	0,0,0,0,0		0,1701,1701,1701,0			
14000	1	1	1	0	0,0,0,0,0		0,1701,1701,1701,0			
14107	5	1	1	0	0,0,1101,0,0					
14200	1	1	1	0	0,0,0,0,0		0,1701,1701,1701,0			
14341	5	1	1	0	0,0,1101,0,0					
14400	1	1	1	0	0,0,0,0,0		0,1701,1701,1701,0			
14576	5	1	1	0	0,0,1101,0,0					
14600	1	1	1	0	0,0,0,0,0		0,1701,1701,1701,0			
15982	5	1	1	0	0,0,0,0,0					
16882	5	1	1	0	0,0,1210,0,0					
16919	2	1	1	0	0,0,0,1101,0					
16919	7	1	1	0	0,1101,1601,0,0					
17000	1	1	1	0	0,0,1601,0,0					
17200	1	1	1	0	0,0,1601,0,0					
17388	2	1	1	0	0,0,0,1101,0					
17388	7	1	1	0	0,1101,0,0,0					
17400	1	1	1	0	0,0,1601,0,0					
17600	1	1	1	0	0,0,1601,0,0					
17800	1	1	1	0	0,0,1601,0,0					
17857	2	1	1	0	0,0,0,1101,0					
17857	7	1	1	0	0,1101,0,0,0					
18000	1	1	1	0	0,0,1601,0,0					
18200	1	1	1	0	0,0,1601,0,0					
18326	2	1	1	0	0,0,0,1101,0					
18326	7	1	1	0	0,1101,0,0,0					
18400	1	1	1	0	0,0,1601,0,0					
18794	1	1	1	0	0,0,1301,0,0					
19732	5	1	1	0	0,0,1101,0,0					
20083	5	1	1	0	0,0,1101,0,0					
20669	2	1	1	0	0,1101,0,0,0					
21138	2	1	1	0	0,1101,0,0,0					
21608	5	1	1	0	1101,0,0,0,0					
21842	5	1	1	0	1101,0,1206,0,0					
22076	5	1	1	0	1101,0,0,0,0			star		
23013	6	1	1	0	0,0,1101,0,0					
23482	6	1	1	0	0,0,0,1101,0					
23800	1	1	1	0	0,1206,0,0,0					
23833	6	1	1	0	0,0,0,1101,0					
24419	2	1	1	0	0,0,0,0,1101					
24888	2	1	1	0	0,0,0,1101,0					
25357	1	1	1	0	0,0,1302,0,0					
26400	1	1	1	0	0,0,0,1601,1601					
26600	1	1	1	0	0,0,0,1601,1601					
26763	10	1	1	0	0,1101,0,0,0					
26800	1	1	1	0	0,0,0,1601,1601					
27000	1	1	1	0	0,0,0,1601,1601					
27200	1	1	1	0	0,0,0,1601,1601					
27232	11	1	1	0	1101,0,0,0,0					
27400	1	1	1	0	0,0,0,1601,1601					
27583	11	1	1	0	1101,0,0,0,0					
27600	1	1	1	0	0,0,0,1601,1601					
27800	1	1	1	0	0,0,0,1601,1601					
28000	1	1	1	0	0,0,0,1601,1601					
28169	10	1	1	0	0,1101,0,0,0					
28200	1	1	1	0	0,0,0,0,1601					
28638	10	1	1	0	0,0,1101,0,0					
29000	1	1	1	0	1601,1601,0,0,0					
29107	11	1	1	0	0,0,0,1101,0					
29200	1	1	1	0	1601,1601,0,0,0					
29341	11	1	1	0	0,0,0,1101,0					
29400	1	1	1	0	1601,1601,0,0,0					
29576	11	1	1	0	0,0,0,1101,0					
29600	1	1	1	0	1601,1601,0,0,0					
30513	12	1	1	0	0,1101,0,0,0					
30800	1	1	1	0	0,0,0,0,1802					
30982	12	1	1	0	0,1101,0,0,0					
31000	1	1	1	0	0,0,0,0,1802					
31200	1	1	1	0	0,0,0,0,1802					
31333	12	1	1	0	0,1101,0,0,0					
32388	12	1	1	0	0,0,1101,0,0					
32857	12	1	1	0	0,0,1101,0,0					
33326	10	1	1	0	0,0,1101,0,0					
33326	12	1	1	0	1101,0,0,0,0					
33326	11	1	1	0	0,0,0,0,1101			star		
