Test										
StartTime	HairColor	AIHairColor	ShockEffect	SoundEffect	Line	Stair	movable	progress	door	decorate
2182	8	1	1	0	0,1101,0,0,0					
3242	8	1	1	0	0,0,0,1101,0					
4302	2	1	1	0	0,0,1101,0,0					
4400	1	1	1	0	0,0,0,0,1201					
4832	2	1	1	0	0,1101,0,0,0					
5000	1	1	1	0	0,0,0,0,1201					
5362	2	1	1	0	1101,0,0,0,0					
5600	1	1	1	0	0,0,0,0,1201					
6200	1	1	1	0	1601,1601,0,0,0					
6400	1	1	1	0	1601,1601,0,0,0					
6422	4	1	1	0	0,0,1101,0,0					
6600	1	1	1	0	1601,1601,0,0,0					
6800	1	1	1	0	1601,1601,0,0,0					
7000	1	1	1	0	1601,1601,0,0,0					
7200	1	1	1	0	1601,1601,0,0,0					
7400	1	1	1	0	1601,1601,0,0,0					
7482	4	1	1	0	0,0,0,0,1101					
7600	1	1	1	0	1601,1601,0,0,0					
7800	1	1	1	0	1601,1601,0,0,0					
8000	1	1	1	0	1601,1601,0,0,0					
8200	1	1	1	0	1601,1601,0,0,0					
8400	1	1	1	0	1601,1601,0,0,0					
8542	3	1	1	0	0,0,1101,0,0					
8600	1	1	1	0	1601,1601,0,0,0					
8800	1	1	1	0	1601,1601,0,0,0					
9000	1	1	1	0	1601,1601,0,0,0					
9072	3	1	1	0	0,0,0,1101,0					
9200	1	1	1	0	1601,1601,0,0,0					
9400	1	1	1	0	1601,1601,0,0,0					
9600	1	1	1	0	1601,1601,0,0,0					
9602	3	1	1	0	0,0,0,0,1101					
9800	1	1	1	0	1601,1601,0,0,0					
9867	3	1	1	0	0,0,0,0,1101			star		
11192	1	1	1	0	0,0,0,0,0				1902_3_3_5,0	
12252	6	1	1	0	0,0,1101,0,0					
12400	1	1	1	0	0,0,0,0,1802					
12782	6	1	1	0	0,1101,0,0,0					
13000	1	1	1	0	0,0,0,0,1802					
13312	6	1	1	0	1101,0,0,0,0					
13400	1	1	1	0	0,0,0,0,1802					
14372	1	1	1	0	0,0,1401,0,0					
14902	10	1	1	0	1101,1101,1101,0,0					
15432	11	1	1	0	0,0,1101,1101,1101					
15800	1	1	1	0	0,0,0,1601,0					0,2002
15962	8	1	1	0	1101,1101,0,0,0					
16000	1	1	1	0	0,0,0,1601,0					
16200	1	1	1	0	0,0,0,1601,0					
16227	7	1	1	0	1101,1101,0,0,0					
16400	1	1	1	0	0,0,0,1601,0					
16492	12	1	1	0	1101,1101,0,0,0					
16600	1	1	1	0	0,0,0,1601,0					
17000	1	1	1	0	1601,1601,0,0,0					
17022	3	1	1	0	0,0,0,1101,1101					
17200	1	1	1	0	1601,1601,0,0,0					
17288	4	1	1	0	0,0,0,1101,1101					
17400	1	1	1	0	1601,1601,0,0,0					
17553	5	1	1	0	0,0,0,1101,1101					
17600	1	1	1	0	1601,1601,0,0,0					
17800	1	1	1	0	1601,1601,0,0,0					
17818	6	1	1	0	0,0,0,1101,1101					
18000	1	1	1	0	1601,1601,0,0,0					
18083	9	1	1	0	0,0,0,1101,1101					
18613	1	1	1	0	0,0,1301,0,0					
19143	2	1	1	0	0,0,1101,0,0					
19673	2	1	1	0	0,0,1101,0,0					
20203	4	1	1	0	0,1101,0,0,0			star		
20733	4	1	1	0	0,1101,0,0,0					
21263	9	1	1	0	1101,0,0,0,0					
21400	1	1	1	0	0,0,1205,0,0					
21793	9	1	1	0	1101,0,0,0,0					
22853	8	1	1	0	0,0,1101,0,0					
23383	8	1	1	0	0,0,1101,0,0					
23913	6	1	1	0	0,0,0,1101,0					
24443	6	1	1	0	0,0,0,1101,0					
24973	3	1	1	0	0,0,0,0,1101					
25200	1	1	1	0	0,0,1204,0,0					
25503	3	1	1	0	0,0,0,0,1101					
27093	10	1	1	0	0,1101,0,0,0					
27400	1	1	1	0	0,0,0,0,1206					
27623	10	1	1	0	0,1101,0,0,0					
28153	11	1	1	0	0,0,0,1101,0					
28400	1	1	1	0	1206,0,0,0,0					
28683	11	1	1	0	0,0,0,1101,0					
29213	10	1	1	0	0,1101,0,0,0					
29743	10	1	1	0	0,1101,0,0,0					
30273	1	1	1	0	0,0,1302,0,0					
31863	12	1	1	0	0,0,1101,0,0					
31863	10	1	1	0	0,0,0,0,1101					
31863	11	1	1	0	1101,0,0,0,0			star		
