Test										
StartTime	HairColor	AIHairColor	ShockEffect	SoundEffect	Line	Stair	movable	progress	door	decorate
1000	1	1	1	0	0,0,0,0,0	1501,0,0,0,1501				
1323	1	1	1	0	0,0,0,0,0					
1323	5	1	1	0	0,0,0,0,1101					
1323	1	1	1	0	1101,0,0,0,0					
1791	5	1	1	0	0,0,0,0,1101					
1791	1	1	1	0	1101,0,0,0,0					
1800	1	1	1	0	0,0,0,0,0					
2200	1	1	1	0	0,0,1202,0,0					
2260	5	1	1	0	0,0,0,0,1101					
2260	1	1	1	0	1101,0,0,0,0					
2729	5	1	1	0	0,0,0,0,1101					
2729	1	1	1	0	1101,0,0,0,0					
3198	1	1	1	0	0,0,0,0,0					
3198	1	1	1	0	0,0,0,0,0					
3198	5	1	1	0	0,0,1401,0,1101					
3198	1	1	1	0	1101,0,0,0,0					
3200	1	1	1	0	0,0,0,0,0	1503,0,0,0,1503				
4000	1	1	1	0	0,0,0,0,0					
4200	1	1	1	0	0,0,1202,0,0					
4800	1	1	1	0	0,0,0,0,0					
5000	1	1	1	0	0,0,0,0,0	1505,0,0,0,1505				
5073	1	1	1	0	0,0,0,0,0					
5073	1	1	1	0	0,1402,0,0,1101					
5073	4	1	1	0	1101,0,0,0,0					
5541	1	1	1	0	0,0,0,0,1101					
5541	4	1	1	0	1101,0,0,0,0					
6010	1	1	1	0	0,0,0,0,1101					
6010	4	1	1	0	1101,0,0,0,0					
6200	1	1	1	0	0,0,1202,0,0					
6479	1	1	1	0	0,0,0,0,1101					
6479	4	1	1	0	1101,0,0,0,0					
6948	1	1	1	0	0,0,0,0,0					
6948	1	1	1	0	0,0,0,0,1101					
6948	4	1	1	0	1101,0,0,0,0					
7885	1	1	1	0	0,0,1301,0,0					
8823	8	1	1	0	0,0,1101,0,0					
9291	8	1	1	0	0,0,1101,0,0					
9760	8	1	1	0	0,0,1101,0,0					
10229	4	1	1	0	0,1101,0,0,0					
10400	1	1	1	0	0,0,0,1205,0					
10463	4	1	1	0	0,1101,0,0,0					
11635	1	1	1	0	0,1101,0,0,0					
12104	1	1	1	0	0,0,1101,0,0					
12573	1	1	1	0	0,0,0,1101,0					
13276	1	1	1	0	0,1101,0,0,0			star		
13979	1	1	1	0	0,0,0,1101,0					
14600	1	1	1	0	0,1206,0,0,0					
15385	8	1	1	0	0,0,0,0,1101					
15854	8	1	1	0	0,0,0,1101,0					
16323	8	1	1	0	0,0,1101,0,0					
17026	8	1	1	0	0,1101,0,1206,0					
17729	1	1	1	0	0,0,1302,0,0					
19000	1	1	1	0	0,0,0,0,0		0,1701,1701,1701,1701			
19135	1	1	1	0	0,0,1101,0,0					
19200	1	1	1	0	0,0,0,0,0		0,1701,1701,1701,1701			
19400	1	1	1	0	0,0,0,0,0		0,1701,1701,1701,1701			
19600	1	1	1	0	0,0,0,0,0		0,1701,1701,1701,1701			
19604	1	1	1	0	0,0,1101,0,0					
19800	1	1	1	0	0,0,0,0,0		0,1701,1701,1701,1701			
20000	1	1	1	0	0,0,0,0,0		0,1701,1701,1701,1701			
20073	4	1	1	0	0,0,0,1101,0					
20200	1	1	1	0	0,0,0,0,0		0,1701,1701,1701,1701			
20400	1	1	1	0	0,0,0,0,0		0,1701,1701,1701,1701			
20541	4	1	1	0	0,0,0,1101,0					
20600	1	1	1	0	0,0,0,0,0		0,1701,1701,1701,1701			
20800	1	1	1	0	0,0,0,0,0		0,1701,1701,1701,1701			
21000	1	1	1	0	0,0,0,0,0		0,1701,1701,1701,1701			
21010	8	1	1	0	0,1101,0,0,0					
21200	1	1	1	0	0,0,0,0,0		0,1701,1701,1701,1701			
21400	1	1	1	0	0,0,0,0,0		0,1701,1701,1701,1701			
21479	8	1	1	0	0,1101,0,0,0					
21600	1	1	1	0	0,0,0,0,0		0,1701,1701,1701,1701			
21800	1	1	1	0	0,0,0,0,0		0,1701,1701,1701,1701			
21948	8	1	1	0	0,1101,0,0,0					
22000	1	1	1	0	0,0,0,0,0		0,1701,1701,1701,1701			
22400	1	1	1	0	0,0,0,0,0					2003,2002
22885	1	1	1	0	0,0,1301,0,0					
23823	4	1	1	0	0,0,0,1101,0					
24291	4	1	1	0	0,0,0,1101,0					
25229	8	1	1	0	1101,0,0,0,0					
25600	1	1	1	0	0,0,1206,0,0					
25698	8	1	1	0	1101,0,0,0,0					
26635	1	1	1	0	0,0,0,0,1101			star		
26635	4	1	1	0	1101,0,0,0,0					
26635	8	1	1	0	0,0,1101,0,0					
27573	1	1	1	0	0,0,0,0,1101					
28041	1	1	1	0	0,0,0,0,1101					
28979	4	1	1	0	0,0,1101,0,0					
29200	1	1	1	0	0,0,0,0,1206					
29448	4	1	1	0	0,0,1101,0,0					
30385	1	1	1	0	0,0,1101,0,0					
30385	4	1	1	0	1101,0,0,0,0					
30385	8	1	1	0	0,0,0,0,1101					
31323	8	1	1	0	0,1101,0,0,0					
31791	8	1	1	0	0,1101,0,0,0					
32729	1	1	1	0	0,0,0,1101,0					
32800	1	1	1	0	0,1206,0,0,0					
33198	1	1	1	0	0,0,0,1101,0					
34135	4	1	1	0	0,0,1101,0,0					
34604	4	1	1	0	0,0,1101,0,0					
35073	4	1	1	0	0,0,1101,0,0					
36010	8	1	1	0	1101,0,0,0,0					
36479	8	1	1	0	1101,0,1206,0,0					
36948	8	1	1	0	1101,0,0,0,0					
37885	1	1	1	0	0,0,1101,0,0					
37885	4	1	1	0	1101,0,0,0,0					
37885	8	1	1	0	0,0,0,0,1101					
38823	1	1	1	0	0,0,1302,0,0					
39000	1	1	1	0	0,0,0,0,0			star		
