Test										
StartTime	HairColor	AIHairColor	ShockEffect	SoundEffect	Line	Stair	movable	progress	door	decorate
2150	2	1	1	0	0,0,1101,0,0					
2581	2	1	1	0	0,0,1101,0,0					
3013	2	1	1	0	0,0,1101,0,0					
3400	1	1	1	0	0,0,0,1601,1601					
3444	4	1	1	0	0,1101,0,0,0					
3600	1	1	1	0	0,0,0,1601,1601					
3660	4	1	1	0	0,1101,0,0,0					
3800	1	1	1	0	0,0,0,1601,1601					
3876	4	1	1	0	0,1101,0,0,0					
4000	1	1	1	0	0,0,0,1601,1601					
4200	1	1	1	0	0,0,0,1601,1601					
4400	1	1	1	0	0,0,0,1601,1601					
4600	1	1	1	0	0,0,0,1601,1601					
4739	1	1	1	0	0,0,0,0,0				1901_8_1_40,0	
4800	1	1	1	0	0,0,0,1601,1601					
5000	1	1	1	0	0,0,0,1601,1601					
5200	1	1	1	0	0,0,0,1601,1601					
5400	1	1	1	0	0,0,0,1601,1601					
5600	1	1	1	0	0,0,0,1601,1601					
5603	8	1	1	0	0,1101,0,0,0					
5800	1	1	1	0	0,0,0,1601,1601					
6000	1	1	1	0	0,0,0,1601,1601					
6200	1	1	1	0	0,0,0,1601,1601					
6400	1	1	1	0	0,0,0,1601,1601					
6466	8	1	1	0	1101,0,0,0,0					
6600	1	1	1	0	0,0,0,1601,1601					
6800	1	1	1	0	0,0,0,1601,1601					
7000	1	1	1	0	0,0,0,1601,1601					
7200	1	1	1	0	0,0,0,1601,1601					
7329	8	1	1	0	0,0,1101,0,0					
7400	1	1	1	0	0,0,0,1601,1601					
8000	1	1	1	0	1601,1601,0,0,0					
8193	9	1	1	0	0,0,0,1101,0					
8200	1	1	1	0	1601,1601,0,0,0					
8400	1	1	1	0	1601,1601,0,0,0					
8408	9	1	1	0	0,0,0,1101,0					
8600	1	1	1	0	1601,1601,0,0,0					
8624	9	1	1	0	0,0,0,1101,0					
8800	1	1	1	0	1601,1601,0,0,0					
9000	1	1	1	0	1601,1601,0,0,0					
9056	3	1	1	0	0,0,0,1101,0					
9200	1	1	1	0	1601,1601,0,0,0					
9400	1	1	1	0	1601,1601,0,0,0					
9600	1	1	1	0	1601,1601,0,0,0					
9800	1	1	1	0	1601,1601,0,0,0					
9919	3	1	1	0	0,0,0,0,1101					
10000	1	1	1	0	1601,1601,0,0,0					
10200	1	1	1	0	1601,1601,0,0,0					
10400	1	1	1	0	1601,1601,0,0,0					
10600	1	1	1	0	1601,1601,0,0,0					
10783	3	1	1	0	0,0,1101,0,0					
10800	1	1	1	0	1601,1601,0,0,0					
11000	1	1	1	0	1601,1601,0,0,0					
11646	1	1	1	0	0,0,0,0,0				1903_1_1,1901_9_2_20	
12400	1	1	1	0	1601,1601,0,0,0			star		
12600	1	1	1	0	1601,1601,0,0,0					
12725	9	1	1	0	0,0,0,1101,0					
12800	1	1	1	0	1601,1601,0,0,0					
13000	1	1	1	0	1601,1601,0,0,0					
13200	1	1	1	0	1601,1601,0,0,0					
13373	9	1	1	0	0,0,0,1101,0					
13400	1	1	1	0	1601,1601,0,0,0					
13600	1	1	1	0	1601,1601,0,0,0					
13800	1	1	1	0	1601,1601,0,0,0					
14000	1	1	1	0	1601,1601,0,0,0					
14200	1	1	1	0	1601,1601,0,0,0					
14236	9	1	1	0	0,0,1101,0,0					
14400	1	1	1	0	1601,1601,0,0,0					
14600	1	1	1	0	1601,1601,0,0,0					
14800	1	1	1	0	1601,1601,0,0,0					
15000	1	1	1	0	1601,1601,0,0,0					
15099	9	1	1	0	0,0,0,0,1101					
15200	1	1	1	0	1601,1601,0,0,0					
15400	1	1	1	0	1601,1601,0,0,0					
15531	9	1	1	0	0,0,0,0,1101					
15600	1	1	1	0	1601,1601,0,0,0					
15800	1	1	1	0	1601,1601,0,0,0					
16000	1	1	1	0	1601,1601,0,0,0					
16200	1	1	1	0	1601,1601,0,0,0					
16826	1	1	1	0	0,0,0,0,0				1902_9_3_3,0	
17689	10	1	1	0	0,0,1101,0,0					
18552	1	1	1	0	0,0,1401,0,0					
19200	1	1	1	0	1601,1601,0,1601,1601					
19400	1	1	1	0	0,1601,0,1601,0					
19416	2	1	1	0	1101,0,0,0,1101					
19600	1	1	1	0	0,1601,0,1601,0					
19632	3	1	1	0	1101,0,0,0,1101					
19800	1	1	1	0	0,1601,0,1601,0					
19847	4	1	1	0	1101,0,0,0,1101					
20000	1	1	1	0	0,1601,0,1601,0					
20063	5	1	1	0	1101,0,0,0,1101					
20200	1	1	1	0	0,1601,0,1601,0					
20279	6	1	1	0	1101,0,0,0,1101					
20400	1	1	1	0	0,1601,0,1601,0					
20600	1	1	1	0	1601,1601,0,1601,1601					
21142	10	1	1	0	0,0,1101,0,0					
21574	10	1	1	0	0,1101,1101,1101,0					
22006	10	1	1	0	1101,1101,1101,1101,1101					
22437	10	1	1	0	0,1101,0,1101,0					
22800	1	1	1	0	1601,0,0,0,1601					
22869	4	1	1	0	0,1101,0,0,0					
23000	1	1	1	0	1601,0,0,0,1601					
23200	1	1	1	0	1601,0,0,0,1601					
23400	1	1	1	0	1601,0,0,0,1601					
23600	1	1	1	0	1601,0,0,0,1601					
23732	4	1	1	0	0,0,0,1101,0					
23800	1	1	1	0	1601,0,0,0,1601					
24000	1	1	1	0	1601,0,0,0,1601					
24200	1	1	1	0	1601,0,0,0,1601			star		
24400	1	1	1	0	1601,0,0,0,1601					
24596	4	1	1	0	0,1101,0,0,0					
24600	1	1	1	0	1601,0,0,0,1601					
24800	1	1	1	0	1601,0,0,0,1601					
25000	1	1	1	0	0,0,0,0,1601					
25200	1	1	1	0	0,0,0,0,1601					
25400	1	1	1	0	0,0,0,0,1601					
25459	1	1	1	0	1402,0,0,0,0					
25600	1	1	1	0	0,0,0,0,1601					
25800	1	1	1	0	1601,0,0,0,1601					
26000	1	1	1	0	1601,0,0,0,1601					
26200	1	1	1	0	1601,0,0,0,1601					
26322	8	1	1	0	0,0,1101,0,0					
26400	1	1	1	0	1601,0,0,0,1601					
26600	1	1	1	0	1601,0,0,0,1601					
26800	1	1	1	0	1601,0,0,0,1601					
27000	1	1	1	0	1601,0,0,0,1601					
27185	8	1	1	0	0,0,0,1101,0					
27200	1	1	1	0	1601,0,0,0,1601					
27400	1	1	1	0	1601,0,0,0,1601					
27600	1	1	1	0	1601,0,0,0,1601					
27800	1	1	1	0	1601,0,0,0,1601					
28000	1	1	1	0	1601,0,0,0,1601					
28049	8	1	1	0	0,1101,0,0,0					
28200	1	1	1	0	1601,0,0,0,1601					
28400	1	1	1	0	1601,0,0,0,1601					
28600	1	1	1	0	1601,0,0,0,0					
28800	1	1	1	0	1601,0,0,0,0					
28912	6	1	1	0	0,0,0,0,1101					
29000	1	1	1	0	1601,0,0,0,0					
29200	1	1	1	0	1601,0,0,0,0					
29344	6	1	1	0	0,0,0,0,1101					
29400	1	1	1	0	1601,0,0,0,0					
29600	1	1	1	0	1601,0,0,0,0					
29800	1	1	1	0	1601,0,0,0,1601					
30000	1	1	1	0	1601,0,0,0,1601					
30200	1	1	1	0	1601,0,0,0,1601					
30400	1	1	1	0	1601,0,0,0,1601					
30800	1	1	1	0	0,0,0,0,0		0,1701,1701,1701,0			
30855	1	1	1	0	0,0,1101,0,0					
31000	1	1	1	0	0,0,0,0,0		0,1701,1701,1701,0			
31200	1	1	1	0	0,0,0,0,0		0,1701,1701,1701,0			
31400	1	1	1	0	0,0,0,0,0		0,1701,1701,1701,0			
31502	2	1	1	0	0,0,1101,0,0					
31600	1	1	1	0	0,0,0,0,0		0,1701,1701,1701,0			
31800	1	1	1	0	0,0,0,0,0		0,1701,1701,1701,0			
31934	3	1	1	0	0,0,1101,0,0					
32000	1	1	1	0	0,0,0,0,0		0,1701,1701,1701,0			
32200	1	1	1	0	0,0,0,0,0		0,1701,1701,1701,0			
32365	4	1	1	0	0,0,1101,0,0					
32400	1	1	1	0	0,0,0,0,0		0,1701,1701,1701,0			
32600	1	1	1	0	0,0,0,0,0		0,1701,1701,1701,0			
32797	5	1	1	0	0,0,1101,0,0					
32800	1	1	1	0	0,0,0,0,0		0,1701,1701,1701,0			
33000	1	1	1	0	0,0,0,0,0		0,1701,1701,1701,0			
33200	1	1	1	0	0,0,0,0,0		0,1701,1701,1701,0			
33229	6	1	1	0	0,0,1101,0,0					
33400	1	1	1	0	0,0,0,0,0		0,1701,1701,1701,0			
34092	11	1	1	0	0,0,0,1101,0					
34955	11	1	1	0	0,1202,0,0,0					0,2001
35819	11	1	1	0	0,0,0,1101,0					
36682	11	1	1	0	0,0,1101,0,0					
36682	11	1	1	0	1101,0,0,0,0					
36682	11	1	1	0	0,0,0,0,1101			star		
