Test										
StartTime	HairColor	AIHairColor	ShockEffect	SoundEffect	Line	Stair	movable	progress	door	decorate
1002	4	1	1	0	0,0,1101,0,0					
1654	4	1	1	0	0,0,1101,0,0					
2306	4	1	1	0	1101,0,0,0,0					
2600	1	1	1	0	0,0,1202,0,0					
2959	4	1	1	0	1101,0,0,0,0					
3600	1	1	1	0	0,0,0,0,0		0,1701,1701,1701,0			
3611	8	1	1	0	0,0,0,1101,0					
3800	1	1	1	0	0,0,0,0,0		0,1701,1701,1701,0			
3937	8	1	1	0	0,0,0,1101,0					
4000	1	1	1	0	0,0,0,0,0		0,1701,1701,1701,0			
4200	1	1	1	0	0,0,0,0,0		0,1701,1701,1701,0			
4263	8	1	1	0	0,0,0,1101,0					
4400	1	1	1	0	0,0,0,0,0		0,1701,1701,1701,0			
4600	1	1	1	0	0,0,0,0,0		0,1701,1701,1701,0			
4752	8	1	1	0	0,0,0,1101,0					
4800	1	1	1	0	0,0,0,0,0		0,1701,1701,1701,0			
5241	1	1	1	0	0,0,0,0,0				1901_11_1_40,1903_1_1	
6200	1	1	1	0	0,0,0,0,1601					
6219	11	1	1	0	0,1101,0,0,0					
6400	1	1	1	0	0,0,0,0,1601					
6546	11	1	1	0	0,1101,0,0,0					
6600	1	1	1	0	0,0,0,0,1601					
6800	1	1	1	0	0,0,0,0,1601					
6872	11	1	1	0	0,1101,0,0,0					
7000	1	1	1	0	0,0,0,0,1601					
7198	11	1	1	0	0,1101,0,0,0					
7200	1	1	1	0	0,0,0,0,1601					
7850	1	1	1	0	0,0,0,0,0				1901_7_4_2,1901_10_3_2	
8800	1	1	1	0	1601,0,0,0,0					
8828	12	1	1	0	0,0,0,1101,0					
9000	1	1	1	0	1601,1800,0,0,0					
9154	12	1	1	0	0,0,0,1101,0					
9200	1	1	1	0	1601,0,0,0,0					
9400	1	1	1	0	1601,1800,0,0,0					
9480	12	1	1	0	0,0,0,1101,0					
9600	1	1	1	0	1601,0,0,0,0					
9800	1	1	1	0	1601,1800,0,0,0					
9969	12	1	1	0	0,0,0,1101,0					
10000	1	1	1	0	1601,0,0,0,0					
10700	1	1	1	0	0,0,1203,0,0					
11400	1	1	1	0	0,0,0,0,0	1501,1501,1501,1501,1501				
11437	3	1	1	0	0,1101,0,0,1802					
12089	3	1	1	0	0,1101,0,0,0			star		
12741	6	1	1	0	0,0,0,1101,0					
13393	6	1	1	0	0,1802,0,1101,0					
13400	1	1	1	0	0,0,0,0,0	1505,1505,1505,1505,1505				
14046	10	1	1	0	0,0,1101,0,0					
14209	10	1	1	0	0,0,1101,0,0					
14535	10	1	1	0	0,0,1101,0,0					
15676	1	1	1	0	0,0,1301,0,0					
16654	9	1	1	0	0,0,0,1101,0					
16980	9	1	1	0	0,0,1101,0,0					
17306	9	1	1	0	0,1101,0,0,0					
17633	9	1	1	0	1101,0,0,0,0					
18285	10	1	1	0	1204,0,1101,0,1205					
19263	4	1	1	0	0,1101,0,0,0					
19589	4	1	1	0	0,0,1101,0,0					
19915	4	1	1	0	0,0,0,1101,0					
20404	4	1	1	0	0,0,0,0,1101					
21056	1	1	1	0	0,0,1302,0,0					
21872	9	1	1	0	0,0,1101,0,0					
22524	9	1	1	0	0,0,1101,0,0					
23176	8	1	1	0	0,1101,0,0,0					
23828	1	1	1	0	0,0,0,1401,0					
24480	10	1	1	0	1101,1101,1101,1101,1101			star		
24806	10	1	1	0	1101,1101,1101,1101,1101					
25133	10	1	1	0	1101,1101,1101,1101,1101					
26437	1	1	1	0	0,0,0,0,0					2003,2002
27000	1	1	1	0	0,1601,0,1601,0					
27089	4	1	1	0	0,0,1101,0,0					
27200	1	1	1	0	0,1601,0,1601,0					
27400	1	1	1	0	0,1601,0,1601,0					
27578	4	1	1	0	0,0,1101,0,0					
27600	1	1	1	0	0,1601,0,1601,0					
27800	1	1	1	0	0,1601,0,1601,0					
28000	1	1	1	0	0,1601,0,1601,0					
28067	4	1	1	0	0,0,1101,0,0					
28200	1	1	1	0	0,1601,0,1601,0					
29000	1	1	1	0	0,1601,1601,1601,0					
29200	1	1	1	0	0,1601,1601,1601,0					
29400	1	1	1	0	0,1601,1601,1601,0					
29600	1	1	1	0	0,1601,1601,1601,0					
29698	8	1	1	0	1101,0,0,0,0					
29800	1	1	1	0	0,1601,1601,1601,0					
30000	1	1	1	0	0,1601,1601,1601,0					
30187	8	1	1	0	1101,0,0,0,0					
30200	1	1	1	0	0,1601,1601,1601,0					
30400	1	1	1	0	0,1601,1601,1601,0					
30600	1	1	1	0	0,1601,1601,1601,0					
30676	8	1	1	0	1101,0,0,0,0					
30800	1	1	1	0	0,1601,1601,1601,0					
31000	1	1	1	0	0,1601,1601,1601,0					
31200	1	1	1	0	0,1601,1601,1601,0					
32200	1	1	1	0	0,1601,1601,1601,0					
32306	5	1	1	0	0,0,0,0,1101					
32400	1	1	1	0	0,1601,1601,1601,0					
32600	1	1	1	0	0,1601,1601,1601,0					
32633	5	1	1	0	0,0,0,0,1101					
32800	1	1	1	0	0,1601,1601,1601,0					
32959	5	1	1	0	0,0,0,0,1101					
33000	1	1	1	0	0,1601,1601,1601,0					
33200	1	1	1	0	0,1601,1601,1601,0					
33611	5	1	1	0	0,0,0,0,1101					
34000	1	1	1	0	0,0,1202,0,0					
34263	5	1	1	0	0,0,0,0,1101					
34915	2	1	1	0	0,0,1101,0,0					
35567	2	1	1	0	0,0,1101,0,0					
36219	5	1	1	0	0,0,0,0,1101					
36219	2	1	1	0	0,0,1101,0,0					
36219	8	1	1	0	1101,0,0,0,0			star		
