类型	开始时间	结束时间	音效	音量	音轨1	音轨2	音轨3
Type	StartTime	EndTime	Sound	Volume	Line1	Line2	Line3
1	3449	0	1	1	0	2101	0
1	4402	0	1	1	2101	0	0
1	5354	0	1	1	2101	0	0
1	6306	0	1	1	0	2101	0
1	6782	0	1	1	0	2101	0
1	7259	0	1	1	0	2101	0
1	8211	0	1	1	0	0	2101
1	8687	0	1	1	0	0	2101
1	9163	0	1	1	0	0	2101
1	10116	0	1	1	0	2101	0
1	10592	0	1	1	0	2101	0
1	11068	0	1	1	0	2101	0
1	12021	0	1	1	0	0	2101
1	12497	0	1	1	0	0	2101
1	12973	0	1	1	0	0	2101
1	13925	0	1	1	0	2101	0
1	14402	0	1	1	0	2101	0
1	14878	0	1	1	0	2101	0
1	17735	0	1	1	0	0	2101
1	18211	0	1	1	0	0	2101
1	18687	0	1	1	0	0	2101
1	19640	0	1	1	2101	0	0
1	20116	0	1	1	2101	0	0
1	20592	0	1	1	2101	0	0
1	21544	0	1	1	0	2101	0
1	22021	0	1	1	0	2101	0
1	22497	0	1	1	0	2101	3301
1	23449	0	1	1	0	2101	0
1	24878	0	1	1	2101	0	1401
1	25354	0	1	1	0	2101	0
1	25830	0	1	1	0	2101	0
1	26306	0	1	1	0	0	2101
1	26782	0	1	1	0	0	2101
1	27259	0	1	1	0	2101	0
1	27735	0	1	1	0	2101	0
1	28211	30116	1	1	0	2101	0
1	28449	0	1	1	0	2101	0
1	28687	0	1	1	0	2101	0
1	28925	0	1	1	0	2101	0
1	29163	0	1	1	0	2101	0
1	29401	0	1	1	0	2101	0
1	29640	0	1	1	0	2101	0
1	29878	0	1	1	0	2101	0
1	30116	0	1	1	0	2101	0
1	30592	0	1	1	0	2101	0
1	31068	0	1	1	0	2101	0
1	31306	0	1	1	0	2101	0
1	31544	0	1	1	0	2101	0
1	31782	0	1	1	0	2101	0
1	32021	0	1	1	0	2101	0
1	32497	0	1	1	0	2101	0
1	32735	0	1	1	0	2101	0
1	32973	0	1	1	0	2101	0
1	34401	0	1	1	2101	0	0
1	34640	0	1	1	2101	0	0
1	34878	0	1	1	2101	0	0
1	35354	0	1	1	2101	0	0
1	35592	0	1	1	2101	0	0
1	35830	0	1	1	2101	0	0
1	36306	0	1	1	0	2101	0
1	36782	0	1	1	0	2101	0
1	37259	0	1	1	0	0	2101
1	37497	0	1	1	0	0	2101
1	37735	0	1	1	3301	0	2101
1	38211	0	1	1	0	2101	0
1	38687	0	1	1	0	2101	0
1	39163	0	1	1	2101	0	0
1	39401	0	1	1	2101	0	2201
1	39640	0	1	1	2101	0	2201
1	40116	0	1	1	0	2101	0
1	40354	0	1	1	0	2101	0
1	40592	0	1	1	0	2101	0
1	41544	0	1	1	2101	0	0
1	42021	0	1	1	0	2101	0
1	42259	0	1	1	0	2101	0
1	42497	0	1	1	0	2101	0
1	42973	0	1	1	2101	0	0
1	43211	0	1	1	2101	0	0
1	43449	0	1	1	2101	0	3301
1	43925	0	1	1	2101	0	0
1	44401	0	1	1	0	2101	0
1	44640	0	1	1	0	2101	0
1	44878	0	1	1	2201	2101	0
1	45116	0	1	1	2201	2101	0
1	45354	0	1	1	2201	2101	0
1	45830	0	1	1	0	0	2101
1	46306	0	1	1	0	2101	0
1	46544	0	1	1	0	2101	0
1	46782	0	1	1	0	2101	0
1	47021	0	1	1	0	2101	0
1	47259	0	1	1	0	2101	0
1	47735	0	1	1	0	2101	0
1	47973	0	1	1	0	2101	0
1	48211	0	1	1	0	2101	0
1	48687	0	1	1	0	2101	0
1	49640	0	1	1	0	0	2101
1	49878	0	1	1	0	0	2101
1	50116	0	1	1	0	2101	1401
1	50592	0	1	1	0	2101	0
1	50830	0	1	1	0	2101	0
1	51068	0	1	1	2201	2101	0
1	51544	0	1	1	0	0	2101
1	51782	0	1	1	0	0	2101
1	52021	0	1	1	0	0	2101
1	52259	0	1	1	3301	0	2101
1	52497	0	1	1	3301	0	2101
1	52735	0	1	1	3301	0	2101
1	52973	0	1	1	3301	0	2101
1	53449	0	1	1	2101	0	0
1	53687	0	1	1	2101	0	0
1	53925	0	1	1	2101	0	0
1	54163	0	1	1	2101	0	3301
1	54401	0	1	1	2101	0	3301
1	54640	0	1	1	2101	2201	3301
1	54878	0	1	1	2101	2201	3301
1	55354	0	1	1	2101	0	0
1	55830	0	1	1	0	2101	0
1	56306	0	1	1	0	2101	0
1	57259	0	1	1	0	2101	0
1	58211	0	1	1	0	2101	0
1	58925	0	1	1	0	2101	0
1	59163	0	1	1	0	2101	0
1	59401	0	1	1	0	2101	0
1	59640	0	1	1	2201	2101	0
1	59878	0	1	1	2201	2101	0
1	60116	0	1	1	2201	2101	0
1	60354	0	1	1	2201	2101	0
1	60592	0	1	1	1501	1501	2101
1	61068	0	1	1	0	0	2101
1	61544	0	1	1	0	2101	0
1	61782	0	1	1	0	2101	0
1	62021	0	1	1	0	2101	0
1	62259	0	1	1	0	2101	0
1	62497	0	1	1	0	2101	0
1	62973	0	1	1	0	2101	0
1	63211	0	1	1	0	2101	0
1	63449	0	1	1	0	2101	0
1	63925	0	1	1	2101	0	0
1	64878	0	1	1	2101	0	0
1	65116	0	1	1	2101	0	0
1	65354	0	1	1	2101	0	0
1	65830	0	1	1	0	2101	0
1	66068	0	1	1	0	2101	0
1	66306	0	1	1	0	2101	2201
1	66782	0	1	1	0	2101	0
1	67259	0	1	1	9999	2101	0
1	67497	0	1	1	9999	2101	0
1	67735	0	1	1	9999	2101	0
1	67973	0	1	1	9999	2101	0
1	68211	0	1	1	9999	2101	0
1	68687	0	1	1	9999	0	2101
1	69163	0	1	1	9999	2101	0
1	69401	0	1	1	9999	2101	0
1	69640	0	1	1	9999	2101	0
1	69878	0	1	1	9999	2101	0
1	70116	0	1	1	9999	2101	0
1	70592	0	1	1	0	2101	0
1	70830	0	1	1	0	2101	0
1	71068	0	1	1	0	2101	0
1	71544	0	1	1	2101	0	0
1	72497	0	1	1	0	2101	0
1	72735	0	1	1	0	2101	0
1	72973	0	1	1	0	2101	2201
1	73449	0	1	1	2101	0	0
1	73687	0	1	1	2101	0	0
1	73925	0	1	1	2101	0	0
1	74163	0	1	1	2101	0	0
1	74401	0	1	1	2101	0	0
1	74640	0	1	1	2101	0	0
1	74878	0	1	1	2101	0	0
1	75116	0	1	1	2101	0	0
1	75354	0	1	1	0	2101	0
1	75592	0	1	1	0	2101	0
1	75830	0	1	1	0	2101	2201
1	76306	0	1	1	2101	0	2201
1	76544	0	1	1	2101	0	2201
1	76782	0	1	1	2101	0	2201
1	77021	0	1	1	2101	0	2201
1	77259	0	1	1	0	2101	0
1	77497	0	1	1	0	2101	0
1	77735	0	1	1	0	1401	2101
