音轨（1左2右）	开始时间	结束时间	道具	触发条件	触发事件	音效0是第一个 0是第二个	音量0-0.8的值可两位小数	0是打击点 1是音效点	特殊值格式1-2 -左边的值（0是左1是右） -右边的值（数量）		
Line	StartTime	EndTime	Item	Condition	Action	SoundEffects	Volume	IsHit	Gunbolt	discolor	
256	2229	0				0	1				
0	2960	0				0	1				
512	3692	0				0	1				
0	4424	0				0	1				
96	5156	0				0	1	5			
416	5339	0				0	1	5			
96	5521	0				0	1	5			
416	5704	0				0	1	5			
256	6070	6619				0	1	2			
256	6985	0				0	1				
256	7168	0				0	1				
256	7351	0				0	1				
256	7717	0				0	1				
128	7900	0				0	1				
256	8082	0				0	1	3		1	
384	8814	0				0	1				
128	10278	0				0	1				
256	11375	0				0	1				
256	11558	0				0	1				
256	11741	0				0	1				
256	11924	0				0	1	3		1	
96	12290	0				0	1	5			
416	12473	0				0	1	5			
96	12656	0				0	1	5			
416	12839	0				0	1	5			
96	13021	0				0	1	5			
416	13204	0				0	1	5			
96	13387	0				0	1	5			
256	13936	0			C2	0	1	3		1.5	
384	14485	0				0	1				
384	14668	0				0	1				
256	15034	0				0	1				
128	15400	0				0	1				
0	15948	0				0	1				
0	16131	0				0	1				
256	16497	0				0	1	3		1	
256	16954	0				0	1	1			
256	17412	0				0	1	3		1	
256	17595	0				0	1				
128	17960	0				0	1				
256	18326	0				0	1				
384	18875	0				0	1				
384	19058	0				0	1				
256	19424	0				0	1	3		1	
512	20339	0				0	1				
384	20521	0				0	1				
256	20704	0				0	1				
128	20887	0				0	1				
128	21253	0				0	1				
256	21436	0				0	1				
128	21619	0				0	1				
256	21985	0				0	1	3		1	
96	22534	0				0	1	5			
416	22717	0				0	1	5			
96	22900	0				0	1	5			
416	23082	0				0	1	5			
96	23265	0				0	1	5			
416	23448	0				0	1	5			
96	23631	0				0	1	5			
416	23814	0				0	1	5			
96	23997	0				0	1	5			
416	24180	0				0	1	5			
96	24363	0				0	1	5			
416	24546	0				0	1	5			
96	24729	0				0	1	5			
416	24912	0				0	1	5			
256	25552	0	S		C3	0	1	6		1	
256	25735	0				0	1	7	2-1		
256	25918	0				0	1	7	2-1		
128	26192	0				0	1	7	1-1		
128	26375	0				0	1	7	1-1		
384	27107	0				0	1	7	0-2		
256	27381	0				0	1	7	2-1		
128	27656	0				0	1	7	1-2		
128	27839	0				0	1	7	1-2		
256	28204	0				0	1	3		1	
256	28387	29485				0	1	2			
256	29668	0				0	1				
256	29851	0				0	1				
384	30217	0				0	1				
512	30582	0				0	1				
256	30948	0				0	1	3		1	
256	31223	0				0	1	1			
256	31497	0				0	1				
128	31863	0				0	1				
0	32229	0				0	1				
128	32960	0				0	1				
256	33326	0				0	1				
384	33692	0				0	1				
256	34058	0				0	1	3		1	
256	34241	35156				0	1	2			
256	35521	0				0	1				
256	35704	0				0	1				
256	35887	0				0	1	3		1	
256	36253	0				0	1				
128	36619	0				0	1				
384	36985	0			C1	0	1				
256	37351	0				0	1	7	0-1		
128	37534	0				0	1	7	2-1		
0	37717	0				0	1	7	1-1		
128	37900	0				0	1	7	2-1		
256	38082	0				0	1	7	2-1		
384	38448	0				0	1	7	0-1		
384	38631	0				0	1	7	0-1		
256	38997	0				0	1	7	1-1		
256	39180	0				0	1	7	1-1		
384	39546	0				0	1	7	0-1		
256	39912	0				0	1				
256	40095	0				0	1				
256	40278	0				0	1	3		1	
256	40643	0				0	1				
256	40826	0				0	1				
256	41009	0				0	1	3		1	
96	41375	0				0	1	5			
416	41558	0				0	1	5			
96	41741	0				0	1	5			
128	42107	0				0	1				
256	42473	0				0	1				
384	42839	0				0	1				
256	43204	0				0	1	3		1	
256	43570	0				0	1				
0	43936	0				0	1				
128	44302	0				0	1	1			
256	44668	0				0	1	3		1	
256	45034	0				0	1				
512	45400	0				0	1				
416	45948	0				0	1	5			
96	46131	0				0	1	5			
416	46314	0				0	1	5			
96	46497	0				0	1	5			
416	46680	0				0	1	5			
96	46863	0				0	1	5			
416	47046	0				0	1	5			
96	47229	0				0	1	5			
256	47960	0				0	1				
128	48326	0				0	1				
384	48692	0				0	1				
256	49058	0	S		C2	0	1	6		1	
256	49607	0				0	1				
384	49973	0				0	1				
384	50156	0				0	1				
256	50521	0				0	1				
128	50704	0				0	1				
0	50887	0				0	1				
128	51070	0				0	1				
256	51436	0				0	1	7	1-1		
256	51619	0				0	1	7	1-1		
384	51802	0				0	1	7	2-1		
384	51985	0				0	1	7	2-1		
384	52168	0				0	1	7	2-1		
512	52351	0				0	1	7	0-1		
512	52534	0				0	1	7	0-1		
512	52717	0				0	1	7	0-1		
384	52900	0				0	1	7	2-1		
256	53265	0				0	1	3		1	
256	53814	0				0	1				
128	54180	0				0	1				
0	54546	0				0	1				
256	54912	0			C3	0	1	3		1	
384	55278	0				0	1				
384	55460	0				0	1				
384	55643	0				0	1				
128	56192	0				0	1				
128	56375	0				0	1				
256	56741	0				0	1				
256	57107	0				0	1	3		1	
256	57839	0				0	1	7	2-1		
128	58204	0				0	1	7	2-1		
128	58387	0				0	1	7	2-1		
0	58570	0				0	1	7	1-1		
128	58936	0				0	1	7	2-1		
128	59119	0				0	1	7	2-1		
256	59485	0				0	1	7	2-1		
256	59668	0				0	1	7	2-1		
384	60034	0				0	1	7	2-1		
256	60400	0				0	1	7	2-1		
256	60582	0				0	1	7	2-1		
256	60765	0				0	1	3		1	
128	61131	0			C1	0	1				
0	61497	0				0	1				
128	61863	0				0	1				
256	62229	0				0	1				
416	62595	0				0	1	5			
96	62960	0				0	1	5			
256	63326	0				0	1	3			
416	63692	0				0	1	5			
96	63875	0				0	1	5			
416	64058	0				0	1	5			
96	64424	0				0	1	5			
416	64607	0				0	1	5			
96	64790	0				0	1	5			
416	65156	0				0	1	5			
256	65521	0				0	1				
256	65704	0				0	1				
256	65887	0				0	1				
128	66253	0				0	1				
128	66436	0				0	1				
128	66619	0			C2	0	1				
256	66985	0				0	1	3		1	
128	67351	0				0	1				
256	67717	0				0	1				
128	68082	0				0	1				
256	68448	0				0	1				
384	68814	0				0	1				
512	69180	0				0	1				
384	69363	0				0	1	1			
256	69546	0				0	1	3		1	
256	69912	0				0	1				
256	70095	0				0	1				
256	70278	0				0	1	3		1	
128	70643	0				0	1				
0	71009	0				0	1				
128	71375	0				0	1				
256	71741	0				0	1				
384	72107	0				0	1				
256	72473	0				0	1	3		1	
256	73204	0				0	1	1			
416	73936	0				0	1	5			
96	74302	0				0	1	5			
416	74668	0				0	1	5			
256	75034	0				0	1				
256	75217	0				0	1				
256	75400	0	S		C3	0	1	6		1	
