音轨（1左2右）	开始时间	结束时间	道具	触发条件	触发事件	音效0是第一个	音量0-0.7的值可两位小数	0是打击点	音效点需要播的音效名字
Line	StartTime	EndTime	Item	Condition	Action	SoundEffects	Volume	IsHit	Gunbolt
521	1399	0				0	1	0	
0	2533	0				0	1	0	
521	4833	0				0	1	0	
521	5933	0				0	1	0	
384	7099	0				0	1	0	
384	8133	0				0	1	0	
0	8566	0				0	1	0	
384	8999	0				0	1	0	
128	9999	0				0	1	0	
256	10433	0				0	1	3	
256	10733	0				0	1	0	
0	11366	0				0	1	0	
0	12433	0				0	1	0	
0	12733	0				0	1	0	
128	13133	0				0	1	0	
256	13733	0				0	1	0	
521	14433	0				0	1	0	
256	14999	0				0	1	3	
128	15466	0				0	1	0	
256	16166	0				0	1	0	
521	16733	0				0	1	0	
521	17033	0				0	1	0	
521	17299	0				0	1	0	
0	18899	0				0	1	0	
256	19166	0				0	1	3	
256	19566	0				0	1	0	
256	19833	0				0	1	0	
521	20366	0				0	1	0	
256	20699	0				0	1	3	
256	21033	0				0	1	0	
521	21866	0				0	1	0	
0	23433	0				0	1	0	
0	23733	0				0	1	0	
384	24466	0				0	1	0	
256	24866	0				0	1	3	
128	25299	0				0	1	0	
256	25866	0				0	1	0	
256	26166	0				0	1	0	
256	26433	0				0	1	0	
256	26799	0				0	1	0	
256	27566	0				0	1	3	
521	28133	0				0	1	0	
256	29299	0				0	1	3	
128	29866	0				0	1	0	
256	30433	0				0	1	3	
256	30733	0				0	1	0	
256	30999	0				0	1	3	
256	31299	0				0	1	0	
256	31566	0				0	1	3	
384	32133	0				0	1	0	
384	32399	0				0	1	0	
256	32733	0				0	1	3	
384	33166	0				0	1	0	
384	33566	0				0	1	0	
256	33866	0				0	1	3	
128	34433	0				0	1	0	
256	34999	0				0	1	3	
256	35299	0				0	1	0	
256	35566	0				0	1	0	
384	36033	0				0	1	0	
256	36733	0				0	1	3	
256	36999	0				0	1	0	
256	37299	0				0	1	3	
256	37866	0				0	1	0	
256	38433	0				0	1	3	
256	38733	0				0	1	0	
256	38999	0				0	1	0	
256	39566	0				0	1	0	
256	39866	0				0	1	3	
128	40433	0				0	1	0	
256	40733	0				0	1	3	
384	41299	0				0	1	0	
384	41599	0				0	1	0	
256	41866	0				0	1	3	
256	42433	0				0	1	0	
256	42999	0				0	1	3	
0	43499	0				0	1	0	
256	44133	0				0	1	3	
256	44433	0				0	1	0	
256	44733	0				0	1	0	
256	45299	0				0	1	3	
128	45866	0				0	1	0	
256	46433	0				0	1	3	
384	46999	0				0	1	0	
384	47299	0				0	1	0	
256	47566	0				0	1	3	
128	47866	0				0	1	5	
384	48133	0				0	1	5	
128	48733	0				0	1	5	
384	48999	0				0	1	5	
128	49299	0				0	1	5	
384	49566	0				0	1	5	
128	49866	0				0	1	5	
521	50266	0				0	1	0	
384	50733	0				0	1	0	
256	50999	0				0	1	3	
521	51566	0				0	1	0	
521	51866	0				0	1	0	
256	52133	0				0	1	3	
0	52633	0				0	1	0	
256	52999	0				0	1	0	
256	53299	0				0	1	3	
256	53866	0				0	1	1	
256	54433	0				0	1	3	
256	54733	0				0	1	0	
256	56333	0	S		C2	0	1	0	
256	57266	0				0	1	3	
256	57599	0				0	1	1	
256	58433	0				0	1	3	
256	58733	0				0	1	0	
256	59599	0				0	1	0	
256	59966	0				0	1	3	
256	60733	0				0	1	3	
0	61866	0				0	1	0	
384	62366	0				0	1	0	
128	63033	0				0	1	0	
0	63599	0				0	1	0	
521	64166	0				0	1	0	
384	64566	0				0	1	0	
0	65299	0				0	1	0	
128	65866	0				0	1	0	
256	66133	0				0	1	3	
256	66433	0				0	1	0	
384	67599	0				0	1	5	
128	67866	0				0	1	5	
384	68166	0				0	1	5	
128	68733	0				0	1	5	
128	69166	0				0	1	0	
128	69433	0				0	1	0	
0	69866	0				0	1	0	
256	71033	0				0	1	3	
128	71599	0				0	1	0	
256	72166	0				0	1	3	
128	72733	0				0	1	4	
256	73299	0				0	1	3	
256	73566	0				0	1	0	
256	73866	0				0	1	3	
128	74433	0				0	1	0	
256	74999	0				0	1	3	
521	75866	0				0	1	0	
256	76133	0				0	1	3	
256	76433	0				0	1	0	
256	76733	0				0	1	3	
256	76999	0				0	1	0	
256	77299	0				0	1	3	
128	77866	0				0	1	0	
128	78133	0				0	1	0	
256	78433	0				0	1	3	
521	78866	0				0	1	0	
256	79266	0				0	1	0	
256	79566	0				0	1	3	
256	79866	0				0	1	0	
128	80166	0				0	1	5	
384	80433	0				0	1	5	
128	80733	0				0	1	5	
384	80999	0				0	1	5	
128	81299	0				0	1	5	
384	81599	0				0	1	5	
128	82299	0				0	1	5	
521	82733	0				0	1	0	
256	82999	0				0	1	3	
521	84133	0				0	1	0	
128	84733	0				0	1	0	
256	85299	0				0	1	3	
384	85566	0				0	1	5	
128	85866	0				0	1	5	
384	86133	0				0	1	5	
128	86433	0				0	1	5	
521	86833	0				0	1	0	
384	87299	0				0	1	0	
256	87566	0				0	1	3	
521	88166	0				0	1	0	
521	88433	0				0	1	0	
256	88733	0				0	1	3	
384	89299	0				0	1	0	
256	89866	0				0	1	3	
256	90433	0				0	1	1	
256	90999	0				0	1	3	
521	91433	0				0	1	0	
256	92133	0				0	1	0	
0	92733	0				0	1	0	
256	93299	0				0	1	3	
384	93866	0				0	1	0	
256	94433	0				0	1	3	
0	94999	0				0	1	0	
0	95299	0				0	1	0	
256	95566	0				0	1	3	
256	96433	0				0	1	0	
256	96733	0				0	1	3	
256	96999	0				0	1	0	
256	97299	0				0	1	0	
256	97866	0				0	1	3	
128	98433	0				0	1	0	
384	98733	0				0	1	5	
128	98999	0				0	1	5	
384	99299	0				0	1	5	
128	99566	0				0	1	5	
0	100133	0				0	1	0	
256	101299	0				0	1	3	
521	101866	0				0	1	0	
256	102433	0				0	1	3	
384	102733	0				0	1	5	
128	102999	0				0	1	5	
384	103566	0				0	1	5	
128	103866	0				0	1	5	
384	104433	0				0	1	0	
256	104733	0				0	1	3	
256	105299	0				0	1	0	
256	105566	0				0	1	0	
256	105866	0				0	1	3	
384	106433	0				0	1	0	
384	106733	0				0	1	0	
256	106999	0				0	1	3	
256	108133	0				0	1	0	
256	108433	0				0	1	0	
256	108733	0				0	1	0	
256	109299	0				0	1	3	
0	109866	0				0	1	0	
256	110433	0				0	1	3	
384	110999	0				0	1	0	
128	111566	0				0	1	0	
256	112733	0	S		C3	0	1	3	
384	112999	0				0	1	5	
128	113299	0				0	1	5	
384	113566	0				0	1	5	
128	113866	0				0	1	5	
256	114433	0				0	1	0	
256	114733	0				0	1	0	
256	114999	0				0	1	3	
521	115566	0				0	1	0	
256	116133	0				0	1	3	
256	116733	0				0	1	0	
256	117299	0				0	1	3	
256	117866	0				0	1	0	
256	118433	0				0	1	3	
256	118733	0				0	1	0	
521	119733	0				0	1	0	
521	120166	0				0	1	0	
521	120433	0				0	1	0	
521	121066	0				0	1	0	
256	123966	0				0	1	3	
256	124733	0				0	1	3	
0	125866	0				0	1	0	
0	126699	0				0	1	0	
0	127033	0				0	1	0	
256	128599	0				0	1	3	
128	129566	0				0	1	0	
128	130066	0				0	1	0	
0	130399	0				0	1	0	
384	131599	0				0	1	0	
384	132033	0				0	1	0	
0	133166	0				0	1	0	
0	133433	0				0	1	0	
0	134566	0				0	1	0	
521	135033	0				0	1	0	
128	136166	0				0	1	0	
256	136633	0				0	1	0	
256	137899	0				0	1	1	
256	138466	0				0	1	0	
128	138899	0				0	1	0	
256	139566	0				0	1	3	
128	140133	0				0	1	0	
128	140433	0				0	1	0	
128	140733	0				0	1	0	
256	141299	0				0	1	3	
384	141866	0				0	1	0	
256	142433	0				0	1	3	
384	142699	0				0	1	5	
128	142999	0				0	1	5	
384	143299	0				0	1	5	
128	143566	0				0	1	5	
128	144433	0				0	1	0	
256	144733	0				0	1	3	
128	145299	0				0	1	0	
256	145866	0				0	1	3	
128	146433	0				0	1	0	
128	146733	0				0	1	0	
128	146999	0				0	1	5	
384	147299	0				0	1	5	
128	147566	0				0	1	5	
384	147866	0				0	1	5	
128	148133	0				0	1	5	
521	148733	0				0	1	0	
256	149299	0				0	1	3	
256	149866	0				0	1	0	
256	150433	0				0	1	3	
384	150733	0				0	1	5	
128	150999	0				0	1	5	
384	151566	0				0	1	5	
128	151866	0				0	1	5	
384	152433	0				0	1	0	
256	152733	0				0	1	3	
521	153299	0				0	1	0	
256	153866	0				0	1	3	
128	154433	0				0	1	0	
128	154733	0				0	1	0	
256	154999	0				0	1	3	
128	156133	0				0	1	0	
128	156733	0				0	1	0	
256	157299	0				0	1	3	
521	158166	0				0	1	0	
256	158433	0				0	1	3	
521	158999	0				0	1	0	
0	159566	0				0	1	0	
256	160733	0				0	1	3	
384	160999	0				0	1	5	
128	161299	0				0	1	5	
384	161566	0				0	1	5	
128	161866	0				0	1	5	
256	162433	0				0	1	0	
256	162733	0				0	1	4	
256	162999	0				0	1	3	
384	163566	0				0	1	0	
256	164133	0				0	1	3	
0	164733	0				0	1	0	
256	165299	0				0	1	3	
384	165866	0				0	1	0	
256	166433	0				0	1	3	
0	166866	0				0	1	0	
256	167566	0				0	1	0	
256	168733	0				0	1	3	
256	169299	0				0	1	0	
256	169866	0				0	1	3	
384	170133	0				0	1	5	
128	170433	0				0	1	5	
384	170699	0				0	1	5	
128	170999	0				0	1	5	
128	172133	0				0	1	0	
521	172733	0				0	1	0	
256	173299	0				0	1	3	
384	173866	0				0	1	0	
256	174433	0				0	1	3	
256	174733	0				0	1	0	
256	174999	0				0	1	0	
256	175566	0				0	1	3	
128	177499	0				0	1	0	
384	178599	0				0	1	0	
256	179566	0				0	1	0	
384	179999	0				0	1	0	
384	180299	0				0	1	0	
384	180566	0				0	1	0	
256	180899	0				0	1	0	
0	182066	0				0	1	0	
384	183199	0	S		C1	0	1	0	
