音轨（1左2右）	开始时间	结束时间	道具	触发条件	触发事件	音效0是第一个	音量0-0.7的值可两位小数	0是打击点	音效点需要播的音效名字
Line	StartTime	EndTime	Item	Condition	Action	SoundEffects	Volume	IsHit	Gunbolt
0	1533	0				0	1	0	
0	2033	0				0	1	0	
128	2466	0				0	1	0	
128	2733	0				0	1	0	
256	3399	0				0	1	3	
0	4333	0				0	1	0	
128	5266	0				0	1	0	
0	5766	0				0	1	0	
256	6233	0				0	1	0	
256	6699	0				0	1	3	
256	7399	0				0	1	3	
256	7666	0				0	1	0	
256	8099	0				0	1	3	
128	8566	0				0	1	0	
521	9033	0				0	1	0	
521	9499	0				0	1	0	
256	9966	0				0	1	3	
384	10433	0				0	1	0	
256	10933	0				0	1	3	
0	11399	0				0	1	0	
256	11866	0				0	1	3	
0	12333	0				0	1	0	
256	12799	0				0	1	3	
128	13266	0				0	1	0	
256	13733	0				0	1	3	
384	14199	0				0	1	0	
256	14666	0				0	1	3	
384	15133	0				0	1	0	
256	15599	0				0	1	3	
256	16066	0				0	1	0	
256	16533	0				0	1	0	
256	16999	0				0	1	0	
256	17466	0				0	1	3	
521	17933	0				0	1	0	
384	18433	0				0	1	0	
256	18899	0				0	1	3	
128	19366	0				0	1	0	
128	19833	0				0	1	0	
521	20299	0				0	1	0	
0	20766	0				0	1	0	
256	21233	0				0	1	3	
0	21699	0				0	1	0	
256	22399	0				0	1	3	
256	23133	0				0	1	0	
0	23566	0				0	1	0	
256	24266	0				0	1	3	
128	24999	0				0	1	1	
256	25433	0				0	1	3	
256	26133	0				0	1	0	
256	26866	0				0	1	3	
256	27299	0				0	1	0	
256	27766	0				0	1	3	
384	28266	0				0	1	0	
256	28733	0				0	1	3	
521	29199	0				0	1	0	
256	29633	0				0	1	3	
256	30133	0				0	1	0	
256	30599	0				0	1	3	
384	31066	0				0	1	0	
256	31533	0				0	1	3	
128	31999	0				0	1	0	
384	32499	0				0	1	0	
256	32933	0				0	1	3	
521	33399	0				0	1	0	
256	33866	0				0	1	3	
384	34366	0				0	1	0	
128	35266	0				0	1	1	
0	35766	0				0	1	0	
256	36233	0				0	1	3	
256	36699	0				0	1	0	
256	37166	0				0	1	3	
256	37633	0				0	1	0	
256	38533	0				0	1	3	
128	38966	0				0	1	0	
128	39533	0				0	1	0	
256	39999	0				0	1	3	
0	40466	0				0	1	0	
128	40899	0				0	1	0	
256	41866	0				0	1	0	
256	42333	0				0	1	3	
256	42799	0				0	1	0	
256	43266	0				0	1	0	
256	43733	0				0	1	3	
128	44399	0				0	1	0	
256	45133	0				0	1	3	
0	45599	0				0	1	0	
256	46533	0				0	1	3	
128	46999	0				0	1	0	
256	47466	0				0	1	3	
256	47933	0				0	1	0	
256	48399	0				0	1	3	
384	48899	0				0	1	0	
256	49366	0				0	1	3	
384	49833	0	S		C2	0	1	0	
256	50499	0				0	1	3	
256	50766	0				0	1	0	
256	51233	0				0	1	3	
521	51933	0				0	1	0	
256	52633	0				0	1	3	
128	53099	0				0	1	0	
256	53566	0				0	1	3	
0	54033	0				0	1	0	
256	54499	0				0	1	3	
0	54999	0				0	1	0	
384	55433	0				0	1	0	
256	55933	0				0	1	3	
256	56399	0				0	1	0	
256	56866	0				0	1	3	
256	57333	0				0	1	0	
521	58266	0				0	1	0	
256	58733	0				0	1	3	
521	59199	0				0	1	0	
256	59666	0				0	1	3	
256	60133	0				0	1	0	
256	60599	0				0	1	3	
384	61066	0				0	1	0	
256	61533	0				0	1	3	
384	62033	0				0	1	0	
256	62466	0				0	1	0	
256	62933	0				0	1	3	
256	63899	0				0	1	0	
256	64366	0				0	1	3	
256	64799	0				0	1	3	
521	65266	0				0	1	0	
256	65533	0				0	1	3	
521	65899	0				0	1	0	
0	66233	0				0	1	0	
256	66699	0				0	1	3	
256	67166	0				0	1	3	
256	68533	0				0	1	3	
521	69033	0				0	1	0	
0	69533	0				0	1	0	
256	69966	0				0	1	3	
256	70666	0				0	1	3	
256	71166	0				0	1	3	
128	71866	0				0	1	0	
256	72299	0				0	1	3	
384	72799	0				0	1	0	
521	73366	0				0	1	0	
384	73733	0				0	1	0	
256	74133	0				0	1	3	
0	74666	0				0	1	0	
256	75133	0				0	1	3	
256	76299	0				0	1	3	
0	76999	0				0	1	0	
256	77466	0				0	1	3	
384	77933	0				0	1	0	
0	78899	0				0	1	0	
256	79299	0				0	1	3	
0	79833	0				0	1	0	
256	80299	0				0	1	3	
256	80766	0				0	1	3	
0	81133	0				0	1	0	
256	81933	0				0	1	3	
384	82633	0				0	1	0	
256	83132	0				0	1	3	
256	83399	0				0	1	1	
256	83799	0				0	1	3	
0	84499	0				0	1	0	
256	84966	0				0	1	3	
128	85666	0				0	1	0	
256	86366	0				0	1	0	
256	86866	0				0	1	3	
384	87299	0				0	1	0	
256	87766	0				0	1	3	
256	88232	0				0	1	0	
256	88699	0				0	1	3	
256	89666	0				0	1	3	
256	90132	0				0	1	0	
256	90599	0				0	1	3	
384	90966	0				0	1	0	
256	91766	0				0	1	3	
256	92466	0				0	1	3	
256	93166	0				0	1	3	
128	93866	0				0	1	0	
256	94332	0				0	1	3	
128	95266	0				0	1	0	
521	95766	0				0	1	0	
256	96232	0				0	1	3	
128	96699	0				0	1	0	
256	97166	0				0	1	3	
384	97632	0				0	1	0	
256	98099	0				0	1	3	
384	98799	0				0	1	0	
256	99266	0				0	1	3	
256	99532	0				0	1	0	
256	99966	0	S		C3	0	1	3	
256	100666	0				0	1	0	
256	100932	0				0	1	3	
521	101399	0				0	1	0	
0	102199	0				0	1	0	
256	102999	0				0	1	3	
256	103732	0				0	1	0	
256	105132	0				0	1	3	
521	105599	0				0	1	0	
521	105999	0				0	1	0	
521	106532	0				0	1	0	
521	106999	0				0	1	0	
256	107466	0				0	1	3	
384	107932	0				0	1	0	
256	108399	0				0	1	3	
0	108899	0				0	1	0	
384	109232	0				0	1	0	
256	109799	0				0	1	3	
384	110732	0				0	1	0	
256	111199	0				0	1	3	
0	111599	0				0	1	0	
0	112166	0				0	1	0	
256	112632	0				0	1	3	
521	113566	0				0	1	0	
256	114166	0				0	1	3	
128	114499	0				0	1	0	
256	114999	0				0	1	0	
256	115932	0				0	1	0	
256	116399	0				0	1	0	
256	116866	0				0	1	3	
128	117299	0				0	1	0	
256	117799	0				0	1	3	
384	118266	0				0	1	0	
256	118732	0				0	1	3	
384	119666	0				0	1	0	
521	120599	0				0	1	0	
384	121099	0				0	1	0	
256	121532	0				0	1	3	
0	121999	0				0	1	0	
256	122466	0				0	1	3	
384	123132	0				0	1	1	
128	123899	0				0	1	0	
256	124366	0				0	1	3	
384	124832	0				0	1	0	
256	125299	0				0	1	3	
128	125766	0				0	1	0	
256	126232	0				0	1	3	
521	126699	0				0	1	0	
256	127166	0				0	1	3	
256	127432	0				0	1	0	
256	128099	0				0	1	3	
256	128566	0				0	1	3	
256	128832	0				0	1	0	
256	129532	0				0	1	0	
256	129999	0				0	1	3	
128	130899	0				0	1	0	
256	131399	0				0	1	3	
384	131866	0				0	1	0	
521	132299	0				0	1	0	
256	132799	0				0	1	3	
384	133232	0				0	1	0	
256	133699	0				0	1	3	
128	134166	0				0	1	0	
256	134899	0				0	1	3	
256	135599	0				0	1	3	
256	135966	0				0	1	0	
256	136766	0				0	1	3	
256	137466	0				0	1	3	
256	137732	0				0	1	0	
256	138399	0				0	1	3	
384	138899	0				0	1	0	
256	139332	0				0	1	3	
256	140299	0				0	1	3	
256	140766	0				0	1	3	
384	141232	0				0	1	0	
128	141699	0				0	1	0	
256	142166	0				0	1	3	
521	142632	0				0	1	0	
256	143099	0				0	1	3	
256	143466	0				0	1	0	
256	143799	0				0	1	3	
256	144266	0				0	1	3	
256	144999	0				0	1	3	
0	145432	0				0	1	0	
256	145899	0				0	1	3	
384	146399	0				0	1	0	
128	146866	0				0	1	0	
256	147332	0				0	1	3	
256	147799	0				0	1	3	
521	148266	0				0	1	0	
521	148732	0				0	1	0	
256	149199	0				0	1	3	
256	149666	0				0	1	3	
128	150132	0				0	1	0	
0	150599	0				0	1	0	
521	151066	0				0	1	0	
256	151532	0				0	1	3	
256	151999	0				0	1	3	
384	152466	0				0	1	1	
128	152966	0				0	1	0	
256	153399	0				0	1	3	
256	153899	0				0	1	0	
521	154332	0				0	1	0	
256	154799	0				0	1	3	
256	155532	0				0	1	3	
128	156199	0				0	1	0	
256	156699	0				0	1	3	
256	157166	0				0	1	3	
521	157632	0				0	1	0	
256	158099	0				0	1	3	
256	159032	0				0	1	3	
256	159299	0				0	1	0	
521	159666	0				0	1	0	
256	160066	0				0	1	3	
521	160966	0				0	1	0	
521	161432	0				0	1	4	
256	161799	0				0	1	3	
256	162332	0				0	1	0	
128	163299	0				0	1	0	
521	164032	0				0	1	0	
521	164966	0	S		C1	0	1	0	
