音轨（1左2右）	开始时间	结束时间	道具	触发条件	触发事件	音效0是第一个	音量0-0.7的值可两位小数	0是打击点	音效点需要播的音效名字
Line	StartTime	EndTime	Item	Condition	Action	SoundEffects	Volume	IsHit	Gunbolt
0	1566	0				0	1	0	
384	2099	0				0	1	0	
384	2366	0				0	1	0	
0	2899	0				0	1	0	
256	3166	0				0	1	3	
384	3433	0				0	1	5	
128	3699	0				0	1	5	
384	4233	0				0	1	5	
128	4499	0				0	1	5	
128	5033	0				0	1	0	
128	5299	0				0	1	0	
0	5799	0				0	1	0	
256	6366	0				0	1	3	
128	7133	0				0	1	0	
256	7399	0				0	1	3	
384	7933	0				0	1	0	
256	8466	0				0	1	3	
521	8999	0				0	1	0	
521	9266	0				0	1	0	
521	9533	0				0	1	0	
256	9933	0				0	1	3	
256	10599	0				0	1	3	
384	10866	0				0	1	5	
128	11133	0				0	1	5	
384	11399	0				0	1	5	
128	11666	0				0	1	5	
384	11933	0				0	1	5	
128	12199	0				0	1	5	
384	12733	0				0	1	5	
128	12999	0				0	1	5	
384	13266	0				0	1	5	
128	13799	0				0	1	5	
256	14166	0				0	1	0	
256	14833	0				0	1	3	
521	15399	0				0	1	0	
256	15899	0				0	1	3	
521	16433	0				0	1	0	
256	16966	0				0	1	3	
384	17233	0				0	1	5	
128	17499	0				0	1	5	
384	17766	0				0	1	5	
128	18033	0				0	1	5	
128	18433	0				0	1	0	
0	18833	0				0	1	0	
256	19099	0				0	1	3	
384	19366	0				0	1	5	
128	19633	0				0	1	5	
384	19899	0				0	1	5	
128	20166	0				0	1	5	
0	20699	0				0	1	0	
0	20966	0				0	1	0	
256	21233	0				0	1	3	
256	21499	0				0	1	0	
0	22666	0				0	1	4	
256	23333	0				0	1	3	
256	23866	0				0	1	0	
256	24133	0				0	1	0	
256	24399	0				0	1	3	
0	24933	0				0	1	1	
256	25466	0				0	1	3	
384	25999	0				0	1	0	
384	26266	0				0	1	0	
384	26533	0				0	1	0	
256	27599	0				0	1	3	
256	28133	0				0	1	0	
256	28399	0				0	1	3	
128	29199	0				0	1	0	
256	29733	0				0	1	3	
128	30233	0				0	1	1	
256	30766	0				0	1	3	
128	31166	0				0	1	0	
256	31833	0				0	1	3	
256	32366	0				0	1	0	
256	32633	0				0	1	0	
256	32899	0				0	1	3	
384	33433	0				0	1	0	
256	33966	0				0	1	3	
384	34233	0				0	1	5	
128	34499	0				0	1	5	
384	34766	0				0	1	5	
128	35033	0				0	1	5	
0	35566	0				0	1	0	
521	36066	0				0	1	0	
256	36633	0				0	1	3	
256	37133	0				0	1	3	
0	37699	0				0	1	0	
256	38233	0				0	1	3	
256	38733	0				0	1	3	
256	38999	0				0	1	0	
256	39266	0				0	1	3	
128	39799	0				0	1	0	
0	40366	0				0	1	0	
256	40866	0				0	1	3	
0	41399	0				0	1	0	
0	41666	0				0	1	0	
384	41933	0				0	1	5	
128	42466	0				0	1	5	
384	42733	0				0	1	5	
128	42999	0				0	1	5	
384	43533	0				0	1	5	
128	43799	0				0	1	5	
384	44599	0	S		C2	0	1	0	
521	45133	0				0	1	0	
256	45633	0				0	1	3	
256	45899	0				0	1	0	
521	47866	0				0	1	0	
256	48299	0				0	1	3	
256	48833	0				0	1	3	
384	49366	0				0	1	0	
384	49633	0				0	1	0	
256	49899	0				0	1	3	
384	50433	0				0	1	0	
256	50966	0				0	1	3	
384	51499	0				0	1	0	
256	52033	0				0	1	3	
0	52566	0				0	1	0	
256	53099	0				0	1	3	
256	53599	0				0	1	0	
256	54133	0				0	1	3	
128	54666	0				0	1	0	
256	55199	0				0	1	3	
384	55466	0				0	1	5	
128	55733	0				0	1	5	
384	55999	0				0	1	5	
128	56266	0				0	1	5	
128	56799	0				0	1	0	
128	57066	0				0	1	0	
256	57333	0				0	1	3	
256	57866	0				0	1	0	
256	58133	0				0	1	3	
384	58666	0				0	1	0	
256	59466	0				0	1	3	
256	59999	0				0	1	0	
256	60499	0				0	1	3	
0	60899	0				0	1	0	
256	61599	0				0	1	3	
521	62366	0				0	1	1	
256	62633	0				0	1	3	
521	63166	0				0	1	0	
256	63699	0				0	1	3	
384	63966	0				0	1	5	
128	64233	0				0	1	5	
384	64499	0				0	1	5	
128	64766	0				0	1	5	
256	65299	0				0	1	0	
256	65833	0				0	1	3	
128	66099	0				0	1	5	
384	66366	0				0	1	5	
128	66633	0				0	1	5	
384	66899	0				0	1	5	
128	67166	0				0	1	5	
521	67699	0				0	1	0	
256	67966	0				0	1	3	
256	68499	0				0	1	0	
256	68999	0				0	1	3	
384	69399	0				0	1	0	
0	69766	0				0	1	0	
256	70066	0				0	1	3	
128	70599	0				0	1	0	
128	70866	0				0	1	0	
256	71133	0				0	1	3	
521	71666	0				0	1	0	
256	72199	0				0	1	3	
128	72733	0				0	1	0	
128	72999	0				0	1	0	
256	73266	0				0	1	3	
256	73766	0				0	1	3	
256	74299	0				0	1	0	
256	74866	0				0	1	3	
256	75366	0				0	1	3	
256	75666	0				0	1	0	
256	75933	0				0	1	0	
384	76433	0				0	1	5	
128	76699	0				0	1	5	
384	76999	0				0	1	5	
128	77499	0				0	1	5	
384	78033	0				0	1	0	
0	78599	0				0	1	0	
256	79099	0				0	1	3	
256	79366	0				0	1	0	
256	79633	0				0	1	3	
256	79899	0				0	1	0	
256	80166	0				0	1	0	
256	80433	0				0	1	0	
128	80699	0				0	1	5	
384	80966	0				0	1	5	
128	81233	0				0	1	5	
384	81766	0				0	1	5	
128	82033	0				0	1	5	
384	82833	0				0	1	5	
128	83333	0				0	1	5	
384	83599	0				0	1	5	
128	83866	0				0	1	5	
384	84133	0				0	1	5	
128	84399	0				0	1	5	
0	85266	0				0	1	0	
256	86533	0				0	1	3	
0	87066	0				0	1	0	
0	87599	0				0	1	0	
0	87866	0	S		C3	0	1	0	
384	88133	0				0	1	5	
128	88399	0				0	1	5	
384	88666	0				0	1	5	
128	89199	0				0	1	5	
128	89699	0				0	1	0	
256	90266	0				0	1	3	
521	90632	0				0	1	0	
256	91299	0				0	1	3	
521	91832	0				0	1	0	
256	92366	0				0	1	3	
128	92699	0				0	1	0	
256	93432	0				0	1	3	
384	93699	0				0	1	5	
128	93966	0				0	1	5	
384	94232	0				0	1	5	
128	94499	0				0	1	5	
521	95032	0				0	1	0	
256	95566	0				0	1	3	
384	95832	0				0	1	5	
128	96099	0				0	1	5	
384	96366	0				0	1	5	
128	96632	0				0	1	5	
0	97666	0				0	1	0	
521	98199	0				0	1	0	
521	98499	0				0	1	0	
256	98766	0				0	1	3	
521	99132	0				0	1	0	
256	99799	0				0	1	3	
521	100332	0				0	1	0	
521	100599	0				0	1	0	
256	100866	0				0	1	3	
521	101399	0				0	1	0	
256	101932	0				0	1	3	
256	102199	0				0	1	0	
256	102466	0				0	1	3	
256	102732	0				0	1	0	
256	102999	0				0	1	3	
128	103532	0				0	1	4	
128	104032	0				0	1	0	
521	104599	0				0	1	0	
256	105132	0				0	1	3	
256	105399	0				0	1	0	
256	105666	0				0	1	0	
256	106199	0				0	1	3	
521	106732	0				0	1	0	
256	107232	0				0	1	3	
384	107766	0				0	1	0	
521	108332	0				0	1	0	
256	108832	0				0	1	3	
256	109366	0				0	1	0	
256	109632	0				0	1	0	
384	109899	0				0	1	5	
128	110432	0				0	1	5	
384	110699	0				0	1	5	
128	110966	0				0	1	5	
384	111499	0				0	1	5	
128	111766	0				0	1	5	
256	112299	0				0	1	0	
256	112566	0				0	1	3	
256	113066	0				0	1	3	
256	113599	0				0	1	0	
256	113866	0				0	1	3	
256	114132	0				0	1	0	
521	115232	0				0	1	0	
128	116332	0				0	1	0	
0	116832	0				0	1	0	
384	117866	0				0	1	1	
521	118432	0				0	1	0	
256	118932	0				0	1	3	
256	119466	0				0	1	0	
256	119732	0				0	1	3	
384	119999	0				0	1	5	
128	120266	0				0	1	5	
384	121032	0				0	1	5	
128	121332	0				0	1	5	
256	121866	0				0	1	0	
256	122366	0				0	1	3	
256	123166	0				0	1	3	
256	123466	0				0	1	0	
256	124232	0				0	1	3	
384	124566	0				0	1	0	
256	125299	0				0	1	3	
256	125599	0				0	1	0	
0	126099	0				0	1	0	
0	126366	0				0	1	0	
256	126632	0				0	1	3	
0	127199	0				0	1	0	
384	127966	0				0	1	0	
521	128466	0				0	1	0	
256	129566	0				0	1	0	
0	129966	0				0	1	0	
521	130599	0				0	1	0	
256	130899	0				0	1	3	
521	131466	0				0	1	0	
128	131932	0				0	1	0	
256	132199	0				0	1	3	
521	132732	0				0	1	0	
521	132999	0				0	1	0	
256	133266	0				0	1	3	
521	133766	0				0	1	0	
128	134332	0				0	1	0	
256	134866	0				0	1	3	
384	135399	0				0	1	0	
256	135932	0				0	1	3	
384	136432	0				0	1	0	
384	136699	0				0	1	0	
256	136999	0				0	1	3	
256	137532	0				0	1	3	
256	138066	0				0	1	0	
256	138566	0				0	1	3	
128	139099	0				0	1	0	
256	139366	0				0	1	3	
256	139632	0				0	1	0	
384	140166	0				0	1	5	
128	140432	0				0	1	5	
384	140699	0				0	1	5	
128	140966	0				0	1	5	
384	141232	0				0	1	5	
128	141499	0				0	1	5	
521	142032	0				0	1	0	
256	142299	0				0	1	3	
128	142799	0				0	1	0	
521	143332	0				0	1	0	
256	143599	0				0	1	3	
256	143899	0				0	1	0	
384	145566	0				0	1	0	
256	146232	0	S		C1	0	1	0	
