音轨（1左2右）	开始时间	结束时间	道具	触发条件	触发事件	音效0是第一个	音量0-0.7的值可两位小数	0是打击点	音效点需要播的音效名字
Line	StartTime	EndTime	Item	Condition	Action	SoundEffects	Volume	IsHit	Gunbolt
128	1163	0				0	1	0	
128	2388	0				0	1	0	
521	2694	0				0	1	0	
0	4593	0				0	1	0	
521	5696	0				0	1	0	
0	6247	0				0	1	0	
128	7656	0				0	1	0	
384	8115	0				0	1	0	
256	10289	0				0	1	3	
384	10933	0				0	1	0	
256	11239	0				0	1	0	
521	11545	0				0	1	0	
0	12188	0				0	1	0	
128	12494	0				0	1	0	
521	12801	0				0	1	0	
521	13107	0				0	1	0	
0	13413	0				0	1	0	
256	14056	0				0	1	3	
128	14363	0				0	1	0	
256	14669	0				0	1	3	
256	15312	0				0	1	0	
256	15924	0				0	1	3	
0	16874	0				0	1	0	
256	17486	0				0	1	3	
384	18099	0				0	1	0	
384	18436	0				0	1	0	
256	19048	0				0	1	3	
384	19385	0				0	1	0	
384	19661	0				0	1	0	
256	20304	0				0	1	3	
256	20579	0				0	1	0	
521	21468	0				0	1	0	
521	21866	0				0	1	0	
256	22141	0				0	1	3	
384	22509	0				0	1	0	
256	22815	0				0	1	0	
256	23152	0				0	1	3	
521	23458	0				0	1	0	
128	24071	0				0	1	0	
256	24622	0				0	1	0	
256	24959	0				0	1	3	
256	25326	0				0	1	0	
128	25633	0				0	1	0	
256	25969	0				0	1	3	
384	26490	0				0	1	0	
0	26858	0				0	1	0	
256	27164	0				0	1	3	
521	27501	0				0	1	0	
256	28113	0				0	1	3	
128	28450	0				0	1	0	
128	28726	0				0	1	0	
256	29001	0				0	1	3	
256	30012	0				0	1	0	
256	30288	0				0	1	0	
0	30624	0				0	1	4	
256	30931	0				0	1	3	
521	31268	0				0	1	0	
256	32186	0				0	1	3	
521	32493	0				0	1	0	
256	32768	0				0	1	3	
0	33105	0				0	1	0	
0	33718	0				0	1	0	
256	34544	0				0	1	3	
384	35279	0				0	1	0	
0	35616	0				0	1	0	
256	36229	0				0	1	3	
521	36872	0				0	1	0	
256	37148	0				0	1	3	
0	37454	0				0	1	0	
384	37760	0				0	1	0	
0	38097	0				0	1	0	
256	38434	0				0	1	0	
256	38740	0	S		C2	0	1	3	
0	39383	0				0	1	0	
256	39996	0				0	1	3	
0	40302	0				0	1	0	
256	40914	0				0	1	0	
256	41558	0				0	1	0	
128	41864	0				0	1	0	
521	42170	0				0	1	0	
256	42476	0				0	1	3	
0	42783	0				0	1	0	
0	43426	0				0	1	0	
256	44038	0				0	1	0	
0	44344	0				0	1	0	
521	44651	0				0	1	1	
521	45906	0				0	1	0	
521	47162	0				0	1	0	
128	47499	0				0	1	0	
0	48111	0				0	1	0	
384	49061	0				0	1	0	
384	49643	0				0	1	0	
256	50286	0				0	1	3	
256	50929	0				0	1	0	
256	51235	0				0	1	3	
128	52184	0				0	1	0	
384	52491	0				0	1	0	
256	52797	0				0	1	3	
128	53103	0				0	1	0	
256	53409	0				0	1	3	
256	53746	0				0	1	0	
256	54022	0				0	1	0	
256	54359	0				0	1	3	
0	54665	0				0	1	0	
256	55308	0				0	1	3	
521	56227	0				0	1	0	
256	56564	0				0	1	0	
128	56870	0				0	1	0	
256	57176	0				0	1	3	
256	58340	0				0	1	3	
384	58738	0				0	1	0	
256	59228	0				0	1	3	
256	59657	0				0	1	3	
521	59994	0				0	1	0	
521	60300	0				0	1	0	
256	60637	0				0	1	0	
256	60913	0				0	1	3	
256	61494	0				0	1	3	
384	61893	0				0	1	0	
256	62168	0				0	1	3	
384	62719	0				0	1	0	
521	63118	0				0	1	0	
256	63424	0				0	1	3	
256	64067	0				0	1	0	
521	64373	0				0	1	0	
256	64679	0				0	1	3	
521	65292	0				0	1	0	
128	65813	0				0	1	0	
384	66241	0				0	1	0	
521	66548	0				0	1	0	
0	66854	0				0	1	0	
256	67497	0				0	1	3	
384	67803	0				0	1	0	
256	68416	0				0	1	3	
128	69365	0				0	1	0	
521	69978	0				0	1	0	
128	70314	0				0	1	0	
384	70621	0				0	1	0	
256	71356	0				0	1	0	
0	72183	0				0	1	0	
256	72489	0				0	1	3	
128	72795	0				0	1	0	
256	73132	0				0	1	0	
521	73438	0				0	1	0	
256	73989	0				0	1	3	
0	74694	0				0	1	0	
0	75000	0				0	1	0	
256	75306	0				0	1	3	
384	75613	0				0	1	0	
0	75919	0				0	1	0	
0	76378	0				0	1	0	
256	77174	0				0	1	1	
256	77450	0				0	1	3	
521	77787	0	S		C3	0	1	0	
384	78430	0				0	1	0	
384	79686	0				0	1	0	
256	79992	0				0	1	3	
0	80298	0				0	1	0	
256	80880	0				0	1	3	
0	81248	0				0	1	0	
256	81554	0				0	1	3	
521	82074	0				0	1	0	
256	82473	0				0	1	3	
521	83299	0				0	1	0	
0	83728	0				0	1	0	
128	84371	0				0	1	0	
256	84678	0				0	1	3	
0	84984	0				0	1	0	
0	85259	0				0	1	0	
521	85933	0				0	1	0	
384	86270	0				0	1	0	
384	86546	0				0	1	0	
256	87158	0				0	1	1	
256	87495	0				0	1	3	
256	88108	0				0	1	0	
256	88414	0				0	1	0	
256	89639	0				0	1	3	
0	89976	0				0	1	0	
256	90282	0				0	1	3	
256	90925	0				0	1	0	
384	91874	0				0	1	0	
256	92181	0				0	1	3	
521	92487	0				0	1	0	
128	92793	0				0	1	0	
256	93406	0				0	1	3	
384	93743	0				0	1	1	
256	94355	0				0	1	3	
0	94661	0				0	1	0	
256	95304	0				0	1	3	
128	95856	0				0	1	0	
128	96223	0				0	1	0	
128	96560	0				0	1	0	
0	96866	0				0	1	0	
256	97173	0				0	1	3	
521	97509	0				0	1	0	
256	98336	0				0	1	3	
384	98734	0				0	1	0	
256	99224	0				0	1	3	
256	99653	0				0	1	0	
256	99990	0				0	1	3	
256	100296	0				0	1	0	
128	100633	0				0	1	0	
128	100909	0				0	1	0	
256	101491	0				0	1	3	
0	101889	0				0	1	0	
256	102164	0				0	1	3	
384	103114	0				0	1	0	
256	103420	0				0	1	3	
384	104033	0				0	1	0	
256	104369	0				0	1	3	
384	104676	0				0	1	0	
384	105288	0				0	1	0	
521	106238	0				0	1	0	
384	106544	0				0	1	0	
384	106850	0				0	1	0	
256	107187	0				0	1	0	
256	107493	0				0	1	3	
384	107799	0				0	1	0	
256	108412	0				0	1	3	
128	108749	0				0	1	0	
0	109361	0				0	1	0	
256	109668	0				0	1	3	
128	109974	0				0	1	0	
128	110311	0				0	1	0	
256	110923	0				0	1	0	
256	111566	0				0	1	0	
521	111873	0				0	1	0	
256	112179	0				0	1	3	
128	112485	0				0	1	0	
384	112791	0				0	1	0	
256	113128	0				0	1	0	
256	113434	0				0	1	3	
384	113741	0				0	1	0	
256	114047	0				0	1	0	
256	114353	0				0	1	3	
384	114659	0				0	1	0	
128	114996	0				0	1	0	
256	115303	0				0	1	3	
0	115915	0				0	1	0	
0	116252	0				0	1	0	
521	116558	0				0	1	0	
256	116864	0				0	1	0	
256	117171	0				0	1	3	
0	117477	0				0	1	0	
0	118120	0				0	1	0	
0	118396	0				0	1	0	
256	118702	0				0	1	0	
256	119069	0				0	1	3	
521	119376	0				0	1	0	
256	119682	0				0	1	3	
0	119988	0				0	1	0	
256	120294	0				0	1	3	
384	120631	0				0	1	0	
256	120907	0				0	1	3	
521	121244	0				0	1	0	
0	121550	0				0	1	0	
256	121856	0				0	1	0	
256	122163	0				0	1	3	
128	122499	0				0	1	0	
256	122806	0				0	1	3	
521	123112	0				0	1	0	
256	123418	0				0	1	3	
128	123724	0				0	1	0	
256	124061	0				0	1	0	
0	124368	0				0	1	0	
256	124674	0				0	1	3	
256	124949	0				0	1	0	
128	125286	0				0	1	0	
256	125776	0				0	1	3	
521	126205	0				0	1	0	
128	126573	0				0	1	0	
128	126848	0				0	1	0	
384	127185	0				0	1	0	
256	127491	0				0	1	3	
256	127798	0				0	1	0	
256	128073	0				0	1	0	
0	128410	0	S		C1	0	1	0	
