音轨（1左2右）	开始时间	结束时间	道具	触发条件	触发事件	音效0是第一个	音量0-0.7的值可两位小数	0是打击点	音效点需要播的音效名字
Line	StartTime	EndTime	Item	Condition	Action	SoundEffects	Volume	IsHit	Gunbolt
0	2633	0				0	1	0	
0	4233	0				0	1	0	
521	6833	0				0	1	0	
521	7399	0				0	1	0	
256	8299	0				0	1	0	
128	9166	0				0	1	0	
128	9433	0				0	1	0	
521	9899	0				0	1	0	
384	10599	0				0	1	0	
0	11099	0				0	1	0	
256	12933	0				0	1	0	
521	13633	0				0	1	0	
521	14333	0				0	1	0	
256	14866	0				0	1	0	
521	16666	0				0	1	0	
521	16933	0				0	1	0	
521	17399	0				0	1	0	
256	18333	0				0	1	3	
0	18699	0				0	1	0	
256	19733	0				0	1	0	
0	21233	0				0	1	0	
256	22766	0				0	1	3	
384	23233	0				0	1	0	
521	23699	0				0	1	0	
521	24166	0				0	1	0	
256	24666	0				0	1	3	
521	25099	0				0	1	0	
256	25599	0				0	1	3	
256	26066	0				0	1	0	
256	26533	0				0	1	3	
384	26999	0				0	1	0	
128	27466	0				0	1	0	
256	27933	0				0	1	3	
256	28399	0				0	1	0	
128	28866	0				0	1	0	
256	29333	0				0	1	3	
521	29799	0				0	1	0	
256	30266	0				0	1	3	
0	30733	0				0	1	0	
384	31199	0				0	1	0	
256	31666	0				0	1	3	
384	32133	0				0	1	0	
128	32599	0				0	1	0	
0	33066	0				0	1	0	
384	33566	0				0	1	0	
256	34033	0				0	1	3	
256	34499	0				0	1	0	
0	34966	0				0	1	0	
256	35433	0				0	1	3	
521	35899	0				0	1	0	
521	36366	0				0	1	0	
256	36833	0				0	1	3	
521	37299	0				0	1	0	
256	37766	0				0	1	3	
384	38233	0				0	1	0	
256	38699	0				0	1	0	
256	39166	0				0	1	0	
256	39633	0				0	1	3	
521	40099	0				0	1	0	
384	40566	0				0	1	0	
256	41066	0				0	1	0	
256	41533	0				0	1	3	
0	41999	0				0	1	0	
0	42466	0				0	1	0	
256	42933	0				0	1	3	
128	43399	0				0	1	0	
0	43866	0				0	1	0	
256	44333	0				0	1	3	
521	44799	0				0	1	0	
256	45266	0				0	1	3	
521	45733	0				0	1	0	
384	46199	0				0	1	0	
256	46666	0				0	1	0	
256	47133	0				0	1	3	
384	47599	0				0	1	0	
384	48066	0				0	1	0	
128	48533	0				0	1	0	
256	49033	0				0	1	3	
521	49499	0				0	1	0	
384	49966	0				0	1	0	
256	50433	0				0	1	3	
521	50899	0				0	1	1	
256	51366	0				0	1	3	
521	51833	0				0	1	0	
256	52299	0				0	1	3	
0	52799	0				0	1	0	
0	53066	0				0	1	0	
256	53966	0				0	1	0	
256	54433	0				0	1	3	
256	55466	0				0	1	0	
256	56066	0				0	1	3	
256	56533	0				0	1	0	
256	56799	0				0	1	3	
384	57699	0				0	1	0	
128	58399	0				0	1	0	
384	58866	0				0	1	0	
521	59333	0				0	1	0	
256	59833	0				0	1	3	
384	60266	0				0	1	0	
384	60766	0				0	1	0	
128	61466	0				0	1	0	
256	61933	0				0	1	3	
0	62399	0	S		C2	0	1	0	
0	63099	0				0	1	0	
521	63666	0				0	1	0	
0	64266	0				0	1	0	
521	64733	0				0	1	0	
0	65666	0				0	1	0	
521	66633	0				0	1	0	
256	67766	0				0	1	3	
256	68466	0				0	1	0	
0	69433	0				0	1	0	
521	69899	0				0	1	0	
256	70366	0				0	1	3	
256	70833	0				0	1	0	
256	71299	0				0	1	3	
256	71766	0				0	1	3	
256	72233	0				0	1	3	
256	72699	0				0	1	3	
256	73166	0				0	1	3	
256	73633	0				0	1	3	
256	74099	0				0	1	3	
256	74566	0				0	1	3	
0	75266	0				0	1	0	
256	75966	0				0	1	0	
128	76933	0				0	1	0	
128	77399	0				0	1	0	
256	77866	0				0	1	3	
0	78333	0				0	1	0	
256	78799	0				0	1	3	
256	79266	0				0	1	3	
256	79733	0				0	1	3	
256	80199	0				0	1	3	
256	80666	0				0	1	3	
256	81133	0				0	1	3	
256	81599	0				0	1	3	
256	82299	0				0	1	3	
256	83233	0				0	1	3	
256	84166	0				0	1	3	
256	85099	0				0	1	3	
256	86066	0				0	1	3	
256	86999	0				0	1	3	
128	87466	0				0	1	0	
256	87933	0				0	1	3	
256	88866	0				0	1	3	
384	89333	0				0	1	0	
256	89799	0				0	1	3	
128	90266	0				0	1	0	
128	90733	0				0	1	0	
256	91666	0				0	1	3	
256	92599	0				0	1	3	
384	93066	0				0	1	0	
0	93566	0				0	1	0	
256	94033	0				0	1	3	
256	94499	0				0	1	0	
384	94966	0				0	1	0	
256	95433	0				0	1	3	
521	95866	0				0	1	0	
256	96366	0				0	1	3	
384	96833	0				0	1	0	
256	97299	0				0	1	3	
521	97766	0				0	1	0	
256	98233	0				0	1	3	
521	98699	0				0	1	0	
256	99166	0				0	1	3	
256	99633	0				0	1	0	
256	100099	0				0	1	3	
256	100566	0				0	1	0	
256	101066	0				0	1	3	
0	101533	0				0	1	0	
256	101999	0				0	1	3	
521	102466	0				0	1	0	
256	102933	0				0	1	3	
384	103399	0				0	1	0	
256	103866	0				0	1	3	
0	104333	0				0	1	0	
256	104799	0				0	1	3	
128	105266	0				0	1	0	
256	105733	0				0	1	3	
0	106199	0				0	1	0	
256	106666	0				0	1	3	
128	107133	0				0	1	0	
256	107599	0				0	1	3	
256	108066	0				0	1	0	
256	108566	0				0	1	3	
256	109033	0				0	1	0	
256	109499	0				0	1	3	
0	109966	0				0	1	0	
256	110433	0				0	1	3	
256	110866	0				0	1	0	
256	111366	0				0	1	3	
256	112299	0				0	1	3	
521	112766	0				0	1	0	
256	113233	0				0	1	3	
521	113699	0				0	1	0	
256	114166	0				0	1	3	
384	115099	0				0	1	0	
384	115599	0				0	1	0	
256	116533	0				0	1	3	
256	117233	0				0	1	3	
256	117699	0				0	1	3	
256	118166	0				0	1	3	
0	118633	0				0	1	0	
256	119099	0				0	1	3	
256	119799	0				0	1	3	
256	120966	0				0	1	3	
128	121433	0				0	1	0	
256	123799	0				0	1	3	
256	124499	0				0	1	3	
256	125199	0				0	1	3	
256	125666	0	S		C3	0	1	3	
256	126133	0				0	1	3	
256	127066	0				0	1	3	
0	127533	0				0	1	0	
256	128466	0				0	1	3	
384	129433	0				0	1	0	
384	129899	0				0	1	0	
256	130366	0				0	1	3	
256	131533	0				0	1	3	
521	132233	0				0	1	0	
128	133166	0				0	1	0	
128	133766	0				0	1	0	
256	134099	0				0	1	3	
256	134599	0				0	1	0	
128	135966	0				0	1	0	
128	136266	0				0	1	0	
128	136599	0				0	1	0	
384	136933	0				0	1	0	
128	137533	0				0	1	0	
521	137866	0				0	1	0	
521	138333	0				0	1	0	
521	138799	0				0	1	0	
521	139066	0				0	1	0	
521	139399	0				0	1	0	
256	139733	0				0	1	3	
128	140333	0				0	1	0	
256	140666	0				0	1	3	
521	141266	0				0	1	0	
128	141599	0				0	1	0	
384	143166	0				0	1	1	
384	143466	0				0	1	0	
384	143766	0				0	1	0	
0	144099	0				0	1	0	
0	144399	0				0	1	0	
0	145033	0				0	1	0	
128	145366	0				0	1	0	
384	145833	0				0	1	0	
256	146533	0				0	1	3	
256	147233	0				0	1	3	
256	147699	0				0	1	3	
256	148166	0				0	1	3	
256	148633	0				0	1	3	
256	149099	0				0	1	3	
256	149566	0				0	1	3	
256	150266	0				0	1	3	
128	150966	0				0	1	0	
128	151466	0				0	1	0	
384	151933	0				0	1	0	
521	152399	0				0	1	0	
256	152866	0				0	1	3	
256	153333	0				0	1	0	
256	153799	0				0	1	3	
256	154266	0				0	1	3	
256	154733	0				0	1	3	
256	155199	0				0	1	3	
256	155666	0				0	1	3	
256	156133	0				0	1	3	
256	156599	0				0	1	3	
128	157299	0				0	1	0	
128	157999	0				0	1	0	
256	158499	0				0	1	3	
521	158966	0				0	1	0	
256	159433	0				0	1	3	
256	159899	0				0	1	0	
256	160366	0				0	1	3	
128	160833	0				0	1	0	
256	161299	0				0	1	3	
521	162466	0				0	1	1	
256	162933	0				0	1	0	
521	163366	0				0	1	0	
256	163866	0				0	1	3	
256	164333	0				0	1	3	
256	164799	0				0	1	0	
256	165266	0				0	1	3	
128	165733	0				0	1	0	
256	165999	0				0	1	3	
384	166666	0				0	1	0	
0	167133	0				0	1	0	
0	167633	0				0	1	0	
256	168099	0				0	1	3	
256	168799	0				0	1	3	
256	169499	0				0	1	3	
256	169966	0				0	1	3	
521	170433	0				0	1	0	
0	170899	0				0	1	0	
256	171366	0				0	1	3	
256	171833	0				0	1	3	
256	172299	0				0	1	0	
0	172766	0				0	1	1	
256	173233	0				0	1	0	
384	173699	0				0	1	0	
256	174166	0				0	1	3	
384	174666	0				0	1	0	
521	175133	0				0	1	0	
256	175599	0				0	1	3	
384	176066	0				0	1	1	
256	176533	0				0	1	3	
256	177233	0				0	1	3	
256	177699	0				0	1	3	
256	178166	0				0	1	3	
128	178633	0				0	1	0	
256	179099	0				0	1	3	
256	179799	0				0	1	3	
256	180266	0				0	1	3	
0	180999	0				0	1	0	
0	181466	0				0	1	0	
256	181933	0				0	1	3	
256	182399	0				0	1	0	
256	182866	0				0	1	3	
384	183333	0				0	1	0	
256	183799	0				0	1	3	
256	184266	0				0	1	0	
256	184733	0				0	1	3	
256	185199	0				0	1	3	
256	185666	0				0	1	3	
521	186133	0				0	1	0	
256	186599	0				0	1	3	
256	187066	0				0	1	0	
521	187766	0				0	1	0	
256	188466	0				0	1	3	
256	188966	0				0	1	0	
256	189433	0				0	1	0	
128	189899	0				0	1	0	
256	190366	0				0	1	3	
128	190833	0				0	1	0	
256	191299	0				0	1	3	
256	192233	0				0	1	3	
256	192699	0				0	1	3	
256	193166	0				0	1	3	
256	193633	0				0	1	3	
256	194099	0				0	1	3	
256	194799	0				0	1	3	
256	195266	0				0	1	3	
256	195733	0				0	1	3	
256	195999	0				0	1	0	
256	196466	0				0	1	0	
256	196933	0				0	1	3	
256	197399	0				0	1	0	
256	197866	0				0	1	3	
128	198333	0				0	1	0	
256	198799	0				0	1	3	
256	199266	0				0	1	0	
256	199733	0				0	1	0	
256	200199	0				0	1	3	
256	200666	0				0	1	3	
256	201132	0				0	1	3	
256	201599	0				0	1	3	
384	202066	0				0	1	0	
128	202566	0				0	1	4	
521	203466	0				0	1	0	
256	203966	0				0	1	0	
0	204432	0				0	1	0	
0	204899	0				0	1	0	
256	205366	0				0	1	3	
256	205832	0				0	1	0	
521	206299	0	S		C1	0	1	0	
