音轨（1左2右）	开始时间	结束时间	道具	触发条件	触发事件	音效0是第一个	音量0-0.7的值可两位小数	0是打击点	音效点需要播的音效名字
Line	StartTime	EndTime	Item	Condition	Action	SoundEffects	Volume	IsHit	Gunbolt
128	2166	0				0	1	0	
384	2599	0				0	1	0	
521	4366	0				0	1	0	
256	5233	0				0	1	3	
256	5499	0				0	1	0	
256	6066	0				0	1	3	
256	6366	0				0	1	0	
128	6933	0				0	1	0	
521	7399	0				0	1	0	
521	7733	0				0	1	0	
384	8699	0				0	1	0	
256	9099	0				0	1	3	
256	9533	0				0	1	0	
256	10599	0				0	1	3	
0	11233	0				0	1	0	
521	12099	0				0	1	0	
256	12499	0				0	1	3	
0	12933	0				0	1	0	
521	13366	0				0	1	0	
256	13799	0				0	1	3	
521	14233	0				0	1	0	
521	14633	0				0	1	0	
256	15533	0				0	1	3	
384	16366	0				0	1	0	
256	16766	0				0	1	3	
256	17233	0				0	1	0	
256	17499	0				0	1	0	
256	18933	0				0	1	3	
521	19799	0				0	1	0	
256	20633	0				0	1	0	
256	21133	0				0	1	3	
256	21433	0				0	1	0	
0	21966	0				0	1	1	
256	22799	0				0	1	3	
256	23233	0				0	1	0	
521	23699	0				0	1	0	
521	23999	0				0	1	0	
256	24933	0				0	1	3	
384	25366	0				0	1	0	
256	26099	0				0	1	3	
256	26366	0				0	1	0	
256	26633	0				0	1	3	
521	27499	0				0	1	0	
256	27966	0				0	1	0	
256	28233	0				0	1	0	
256	28799	0				0	1	0	
256	29199	0				0	1	3	
384	29566	0				0	1	0	
256	29899	0				0	1	3	
128	30433	0				0	1	0	
256	30933	0				0	1	3	
256	31399	0				0	1	3	
384	31799	0				0	1	0	
256	32233	0				0	1	3	
384	33099	0				0	1	0	
384	33366	0				0	1	0	
256	35266	0				0	1	3	
128	36366	0				0	1	0	
256	36966	0				0	1	1	
384	37766	0				0	1	0	
384	38199	0				0	1	0	
384	38499	0				0	1	0	
521	39033	0				0	1	0	
384	39533	0				0	1	0	
256	39899	0				0	1	3	
521	41633	0				0	1	0	
0	42066	0				0	1	0	
521	42433	0				0	1	0	
256	42833	0				0	1	3	
256	43799	0				0	1	0	
0	44599	0				0	1	0	
521	44966	0				0	1	0	
256	45399	0				0	1	0	
0	45833	0				0	1	0	
256	46266	0				0	1	3	
256	46666	0				0	1	0	
0	47199	0				0	1	0	
384	47533	0				0	1	0	
521	48099	0	S		C2	0	1	0	
128	48933	0				0	1	0	
384	49799	0				0	1	0	
256	50633	0				0	1	3	
521	51499	0				0	1	0	
521	51766	0				0	1	0	
128	52366	0				0	1	0	
521	53233	0				0	1	0	
256	54066	0				0	1	3	
128	54933	0				0	1	0	
128	55199	0				0	1	0	
0	55799	0				0	1	0	
128	56666	0				0	1	0	
256	57499	0				0	1	3	
128	58366	0				0	1	0	
256	59233	0				0	1	3	
0	60066	0				0	1	0	
0	60366	0				0	1	0	
0	60933	0				0	1	0	
384	61366	0				0	1	0	
128	61799	0				0	1	0	
128	62266	0				0	1	0	
384	63799	0				0	1	0	
256	64266	0				0	1	3	
521	64699	0				0	1	0	
256	65433	0				0	1	3	
256	65999	0				0	1	3	
521	66399	0				0	1	0	
521	66699	0				0	1	0	
384	67099	0				0	1	0	
256	67366	0				0	1	3	
384	68233	0				0	1	0	
256	68499	0				0	1	3	
256	69099	0				0	1	0	
128	69499	0				0	1	0	
128	69799	0				0	1	0	
256	70199	0				0	1	3	
128	70566	0				0	1	0	
128	70833	0				0	1	0	
256	71233	0				0	1	3	
0	71599	0				0	1	0	
0	72066	0				0	1	0	
256	72633	0				0	1	3	
256	72933	0				0	1	0	
256	73366	0				0	1	3	
0	73799	0				0	1	0	
521	74233	0				0	1	0	
256	74966	0				0	1	3	
384	75499	0				0	1	0	
384	75933	0				0	1	0	
256	76366	0				0	1	3	
0	76699	0				0	1	0	
521	77266	0				0	1	0	
0	77599	0				0	1	0	
256	78066	0				0	1	3	
128	78466	0				0	1	0	
384	78833	0				0	1	4	
256	79799	0				0	1	3	
521	80666	0				0	1	0	
256	80966	0				0	1	3	
256	81899	0				0	1	0	
521	82366	0				0	1	0	
521	82866	0				0	1	0	
256	83133	0				0	1	3	
256	84033	0				0	1	3	
128	85433	0				0	1	1	
256	85799	0				0	1	3	
0	86299	0				0	1	0	
384	86666	0				0	1	0	
384	86933	0				0	1	0	
256	87499	0				0	1	0	
256	88366	0				0	1	3	
128	88799	0				0	1	0	
256	89599	0				0	1	0	
256	90199	0				0	1	3	
128	90966	0				0	1	0	
521	91799	0				0	1	0	
521	92633	0				0	1	0	
256	93066	0				0	1	1	
256	93333	0				0	1	3	
128	93899	0				0	1	0	
521	94399	0				0	1	0	
0	94766	0	S		C3	0	1	0	
521	96499	0				0	1	0	
0	96933	0				0	1	0	
256	97299	0				0	1	0	
256	97699	0				0	1	3	
0	98132	0				0	1	0	
521	98833	0				0	1	0	
256	99432	0				0	1	3	
521	99832	0				0	1	0	
256	100266	0				0	1	0	
0	100666	0				0	1	0	
256	101099	0				0	1	3	
384	101532	0				0	1	0	
521	102732	0				0	1	0	
0	103066	0				0	1	0	
128	103499	0				0	1	0	
256	104666	0				0	1	0	
128	105499	0				0	1	0	
0	106332	0				0	1	0	
256	106766	0				0	1	3	
256	107066	0				0	1	1	
256	107632	0				0	1	3	
128	109799	0				0	1	0	
256	110632	0				0	1	0	
384	111032	0				0	1	0	
384	111432	0				0	1	0	
384	112366	0				0	1	0	
256	113166	0				0	1	3	
0	113532	0				0	1	0	
128	113966	0				0	1	0	
0	114399	0				0	1	0	
256	114832	0				0	1	3	
521	115799	0				0	1	0	
384	116666	0				0	1	0	
384	116932	0				0	1	0	
521	117299	0				0	1	0	
384	117866	0				0	1	0	
521	118366	0				0	1	0	
256	119232	0				0	1	3	
256	120099	0				0	1	0	
256	120932	0				0	1	0	
384	121799	0				0	1	0	
256	122632	0				0	1	3	
521	122999	0				0	1	0	
384	123532	0				0	1	0	
128	124366	0				0	1	0	
256	125232	0				0	1	0	
256	126099	0				0	1	3	
521	126966	0				0	1	0	
256	127799	0				0	1	3	
521	128666	0				0	1	0	
521	128932	0				0	1	0	
256	129499	0				0	1	3	
521	129932	0				0	1	0	
521	130366	0				0	1	0	
128	132099	0				0	1	0	
256	132932	0				0	1	3	
256	133799	0				0	1	0	
521	134199	0				0	1	0	
0	134666	0				0	1	0	
256	135066	0				0	1	3	
0	135532	0				0	1	0	
128	135932	0				0	1	0	
384	136366	0				0	1	0	
256	136799	0				0	1	3	
521	137232	0				0	1	0	
128	137666	0				0	1	0	
256	138066	0				0	1	3	
0	138466	0				0	1	0	
256	138832	0				0	1	0	
256	139799	0				0	1	3	
521	140266	0				0	1	0	
256	140599	0				0	1	3	
128	142266	0				0	1	0	
256	142666	0				0	1	0	
256	143232	0				0	1	3	
128	143632	0				0	1	0	
256	144932	0				0	1	3	
256	146632	0				0	1	3	
256	147499	0				0	1	3	
256	148366	0				0	1	3	
256	149666	0				0	1	0	
256	150066	0				0	1	3	
0	150499	0				0	1	0	
256	150932	0				0	1	0	
256	151799	0				0	1	3	
521	152932	0				0	1	0	
256	153499	0				0	1	3	
0	154366	0				0	1	0	
256	155232	0				0	1	3	
256	156099	0				0	1	0	
256	156366	0				0	1	0	
256	156932	0				0	1	3	
256	157499	0				0	1	0	
0	157999	0				0	1	0	
521	158399	0	S		C1	0	1	0	
