音轨（1左2右）	开始时间	结束时间	道具	触发条件	触发事件	音效0是第一个	音量0-0.7的值可两位小数	0是打击点	音效点需要播的音效名字
Line	StartTime	EndTime	Item	Condition	Action	SoundEffects	Volume	IsHit	Gunbolt
384	1133	0				0	1	0	
521	1766	0				0	1	0	
256	2399	0				0	1	3	
0	3033	0				0	1	0	
521	3666	0				0	1	0	
256	4333	0				0	1	3	
0	4966	0				0	1	0	
256	5599	0				0	1	3	
128	6233	0				0	1	0	
256	6866	0				0	1	3	
128	7499	0				0	1	0	
521	8166	0				0	1	0	
384	8799	0				0	1	0	
256	9433	0				0	1	3	
0	10066	0				0	1	0	
0	10433	0				0	1	0	
0	10699	0				0	1	0	
256	11333	0				0	1	3	
128	11999	0				0	1	0	
256	12633	0				0	1	3	
0	13266	0				0	1	0	
256	13899	0				0	1	3	
256	14533	0				0	1	0	
521	15166	0				0	1	0	
0	15533	0				0	1	0	
0	15799	0				0	1	0	
256	16433	0				0	1	3	
128	17099	0				0	1	0	
256	17733	0				0	1	3	
0	18366	0				0	1	0	
128	18999	0				0	1	0	
128	20266	0				0	1	0	
128	20933	0				0	1	0	
521	21566	0				0	1	0	
256	22199	0				0	1	3	
256	22833	0				0	1	0	
128	23466	0				0	1	0	
256	24099	0				0	1	3	
521	24766	0				0	1	0	
384	25399	0				0	1	0	
384	25699	0				0	1	0	
128	26033	0				0	1	0	
256	26666	0				0	1	3	
128	27299	0				0	1	0	
521	27633	0				0	1	0	
256	27933	0				0	1	3	
128	28433	0				0	1	0	
384	30533	0				0	1	0	
384	30799	0				0	1	0	
128	31133	0				0	1	0	
256	31766	0				0	1	3	
256	32399	0				0	1	3	
128	33033	0				0	1	0	
384	33699	0				0	1	0	
128	34333	0				0	1	0	
256	34966	0				0	1	3	
256	35599	0				0	1	0	
0	36233	0				0	1	0	
128	36866	0				0	1	0	
128	37199	0				0	1	1	
128	37499	0				0	1	0	
256	38166	0				0	1	3	
256	38466	0				0	1	0	
384	38799	0				0	1	0	
128	39433	0				0	1	0	
256	40066	0				0	1	0	
256	40699	0				0	1	3	
128	41033	0				0	1	0	
128	41333	0				0	1	0	
256	41966	0				0	1	3	
128	42633	0				0	1	1	
256	43266	0				0	1	3	
256	43899	0				0	1	0	
384	44533	0				0	1	0	
384	45166	0				0	1	0	
256	45799	0				0	1	3	
521	46466	0				0	1	0	
256	47099	0				0	1	3	
256	47733	0				0	1	0	
256	48366	0				0	1	3	
128	48999	0	S		C2	0	1	0	
256	49633	0				0	1	3	
128	50299	0				0	1	0	
256	50899	0				0	1	0	
521	51233	0				0	1	4	
521	51566	0				0	1	0	
0	52199	0				0	1	0	
256	52833	0				0	1	3	
384	53466	0				0	1	0	
0	53799	0				0	1	0	
0	54099	0				0	1	0	
384	54733	0				0	1	0	
256	55399	0				0	1	3	
384	56033	0				0	1	0	
256	56666	0				0	1	0	
256	57299	0				0	1	3	
256	57933	0				0	1	0	
256	58566	0				0	1	3	
256	58899	0				0	1	0	
128	59233	0				0	1	1	
0	59866	0				0	1	0	
256	60499	0				0	1	3	
521	61133	0				0	1	0	
521	61766	0				0	1	0	
256	62399	0				0	1	3	
128	63066	0				0	1	0	
256	63666	0				0	1	3	
256	63999	0				0	1	0	
128	64333	0				0	1	0	
256	64966	0				0	1	3	
521	65599	0				0	1	0	
384	66233	0				0	1	0	
384	66566	0				0	1	0	
384	66866	0				0	1	0	
128	67499	0				0	1	0	
256	68166	0				0	1	0	
256	68799	0				0	1	3	
256	69099	0				0	1	0	
128	69433	0				0	1	1	
256	70066	0				0	1	3	
256	70699	0				0	1	0	
256	71333	0				0	1	3	
0	71866	0				0	1	0	
128	72633	0				0	1	0	
384	73266	0				0	1	0	
256	73899	0				0	1	3	
0	74533	0				0	1	0	
256	75166	0				0	1	3	
128	75799	0				0	1	0	
256	76433	0				0	1	3	
256	77099	0				0	1	0	
256	77733	0				0	1	3	
0	78366	0				0	1	0	
256	78999	0				0	1	3	
384	79633	0				0	1	0	
256	80266	0				0	1	3	
0	81566	0				0	1	0	
0	82199	0				0	1	0	
128	82833	0				0	1	0	
256	83466	0				0	1	3	
0	84099	0				0	1	0	
0	84466	0				0	1	0	
0	84766	0				0	1	0	
128	85399	0				0	1	0	
256	86033	0				0	1	3	
0	86666	0				0	1	0	
128	87299	0				0	1	0	
256	87933	0				0	1	3	
0	88599	0				0	1	0	
256	89199	0				0	1	3	
128	90566	0				0	1	0	
256	91766	0				0	1	0	
0	92099	0				0	1	0	
256	92399	0				0	1	3	
256	93033	0				0	1	0	
384	93699	0				0	1	0	
256	94333	0				0	1	3	
128	94966	0				0	1	0	
521	95599	0				0	1	0	
0	96233	0				0	1	0	
384	96866	0				0	1	0	
521	97533	0				0	1	0	
128	98166	0				0	1	0	
0	98799	0	S		C3	0	1	0	
256	99433	0				0	1	3	
384	100066	0				0	1	0	
256	100699	0				0	1	3	
256	101333	0				0	1	0	
384	101966	0				0	1	0	
0	102633	0				0	1	0	
521	103266	0				0	1	0	
256	103899	0				0	1	3	
384	104533	0				0	1	0	
128	105166	0				0	1	0	
384	105799	0				0	1	0	
256	106466	0				0	1	3	
256	106766	0				0	1	0	
128	107099	0				0	1	0	
0	107733	0				0	1	0	
384	108366	0				0	1	0	
256	108999	0				0	1	3	
384	109633	0				0	1	0	
0	110299	0				0	1	0	
0	110899	0				0	1	0	
256	111566	0				0	1	3	
256	111866	0				0	1	0	
521	112199	0				0	1	0	
256	112833	0				0	1	3	
256	113466	0				0	1	0	
256	114099	0				0	1	3	
0	114733	0				0	1	0	
128	115366	0				0	1	0	
256	116033	0				0	1	3	
0	116666	0				0	1	0	
0	116966	0				0	1	0	
256	117299	0				0	1	3	
128	117933	0				0	1	0	
128	118299	0				0	1	0	
256	118566	0				0	1	3	
128	119233	0				0	1	0	
256	119866	0				0	1	3	
521	120499	0				0	1	0	
521	121133	0				0	1	0	
256	121766	0				0	1	3	
521	122099	0				0	1	0	
256	122399	0				0	1	3	
128	123066	0				0	1	0	
128	123666	0				0	1	0	
0	124333	0				0	1	0	
256	124966	0				0	1	3	
521	125599	0				0	1	0	
256	126233	0				0	1	3	
128	126866	0				0	1	0	
521	127199	0				0	1	0	
256	127499	0				0	1	3	
384	128166	0				0	1	0	
256	128799	0				0	1	3	
0	129433	0				0	1	0	
0	130066	0				0	1	0	
521	130699	0				0	1	0	
256	131033	0				0	1	3	
256	131333	0				0	1	0	
256	131999	0				0	1	3	
0	132633	0				0	1	0	
0	132933	0				0	1	0	
256	133266	0				0	1	3	
521	133899	0				0	1	0	
0	134533	0				0	1	0	
256	135166	0				0	1	0	
0	135833	0				0	1	0	
256	136433	0				0	1	3	
0	137099	0				0	1	0	
0	137399	0				0	1	0	
256	137733	0				0	1	3	
256	138033	0				0	1	0	
256	138366	0				0	1	3	
384	138999	0				0	1	0	
521	139633	0				0	1	0	
256	140266	0				0	1	0	
256	140933	0				0	1	3	
128	141566	0				0	1	0	
256	142199	0				0	1	0	
521	142833	0				0	1	0	
256	144099	0				0	1	3	
0	144433	0				0	1	0	
128	144766	0				0	1	0	
521	145399	0				0	1	0	
521	146033	0				0	1	0	
256	146666	0				0	1	3	
384	147299	0				0	1	0	
256	147933	0				0	1	3	
256	148566	0				0	1	0	
256	149199	0				0	1	3	
384	149533	0				0	1	0	
256	149866	0				0	1	0	
256	150499	0				0	1	3	
256	151133	0				0	1	0	
256	151766	0				0	1	3	
256	153033	0				0	1	4	
384	153699	0				0	1	0	
521	154333	0				0	1	0	
256	154966	0				0	1	3	
128	155599	0				0	1	0	
384	155966	0				0	1	0	
384	156233	0				0	1	0	
256	156866	0				0	1	3	
384	157533	0				0	1	0	
384	157833	0				0	1	0	
256	158133	0				0	1	3	
521	158499	0				0	1	0	
521	158799	0				0	1	0	
256	159433	0				0	1	3	
0	160066	0				0	1	0	
256	160699	0				0	1	3	
0	161199	0				0	1	0	
0	161999	0	S		C1	0	1	0	
