音轨（1左2右）	开始时间	结束时间	道具	触发条件	触发事件	音效0是第一个	音量0-0.7的值可两位小数	0是打击点	音效点需要播的音效名字
Line	StartTime	EndTime	Item	Condition	Action	SoundEffects	Volume	IsHit	Gunbolt
0	2599	0				0	1	0	
521	2933	0				0	1	0	
128	5599	0				0	1	0	
521	6866	0				0	1	0	
0	7933	0				0	1	0	
384	8266	0				0	1	0	
256	10899	0				0	1	3	
128	13233	0				0	1	0	
256	13599	0				0	1	0	
0	14299	0				0	1	0	
0	14666	0				0	1	0	
0	14966	0				0	1	0	
384	15333	0				0	1	0	
384	15633	0				0	1	0	
384	15966	0				0	1	0	
384	16233	0				0	1	0	
128	16966	0				0	1	0	
256	17299	0				0	1	0	
256	17599	0				0	1	0	
521	18299	0				0	1	0	
256	18566	0				0	1	3	
0	18899	0				0	1	0	
256	19333	0				0	1	1	
256	19633	0				0	1	0	
128	19999	0				0	1	0	
128	20299	0				0	1	0	
256	21566	0				0	1	3	
128	21966	0				0	1	0	
256	22266	0				0	1	3	
128	22633	0				0	1	0	
128	22899	0				0	1	0	
521	23299	0				0	1	0	
256	23599	0				0	1	3	
384	23966	0				0	1	0	
384	24233	0				0	1	0	
256	24933	0				0	1	3	
521	25333	0				0	1	0	
384	25999	0				0	1	0	
256	26266	0				0	1	3	
256	26899	0				0	1	0	
256	27299	0				0	1	0	
256	27599	0				0	1	3	
384	27966	0				0	1	0	
384	28233	0				0	1	0	
521	28599	0				0	1	0	
256	28933	0				0	1	3	
256	29299	0				0	1	0	
256	29566	0				0	1	3	
384	29999	0				0	1	0	
256	30266	0				0	1	3	
0	30666	0				0	1	0	
384	31133	0				0	1	0	
256	31566	0				0	1	3	
521	32233	0				0	1	0	
384	32633	0				0	1	0	
128	32999	0				0	1	0	
256	33299	0				0	1	3	
256	33966	0				0	1	0	
256	34299	0				0	1	3	
521	34633	0				0	1	0	
521	34899	0				0	1	0	
256	35599	0				0	1	3	
0	35999	0				0	1	0	
384	36666	0				0	1	0	
256	36933	0				0	1	3	
521	37566	0				0	1	0	
521	37966	0				0	1	0	
256	38266	0				0	1	3	
384	38633	0				0	1	0	
384	38899	0				0	1	0	
384	39299	0				0	1	0	
256	39599	0				0	1	3	
521	39966	0				0	1	0	
256	40233	0				0	1	3	
521	40666	0				0	1	0	
256	40933	0				0	1	3	
521	41333	0				0	1	0	
384	42233	0				0	1	0	
384	42899	0				0	1	0	
256	43599	0				0	1	3	
384	44466	0				0	1	0	
256	44933	0				0	1	3	
256	45266	0				0	1	0	
256	45566	0				0	1	0	
256	46266	0				0	1	3	
128	46799	0				0	1	0	
256	47133	0				0	1	3	
256	47599	0				0	1	3	
0	47933	0				0	1	0	
0	48233	0				0	1	0	
256	48933	0				0	1	3	
521	49466	0				0	1	0	
384	49799	0				0	1	0	
256	50266	0				0	1	3	
256	50899	0				0	1	0	
256	51599	0				0	1	3	
128	52133	0				0	1	0	
256	52466	0				0	1	3	
521	52799	0				0	1	0	
256	53233	0				0	1	3	
256	54266	0				0	1	3	
384	54599	0				0	1	0	
256	55133	0				0	1	3	
256	55599	0				0	1	3	
521	55933	0				0	1	0	
521	56233	0	S		C2	0	1	0	
256	56933	0				0	1	3	
256	57466	0				0	1	0	
256	57799	0				0	1	3	
256	58266	0				0	1	3	
128	58599	0				0	1	0	
128	58899	0				0	1	0	
256	59466	0				0	1	3	
256	59933	0				0	1	0	
384	60466	0				0	1	0	
256	60933	0				0	1	3	
128	61266	0				0	1	0	
256	61566	0				0	1	3	
384	61933	0				0	1	0	
256	62266	0				0	1	3	
0	62799	0				0	1	0	
256	63133	0				0	1	3	
128	64133	0				0	1	0	
256	64633	0				0	1	0	
256	64933	0				0	1	3	
521	65566	0				0	1	0	
256	66233	0				0	1	3	
128	66899	0				0	1	0	
256	67566	0				0	1	3	
384	68599	0				0	1	0	
256	68899	0				0	1	3	
521	69499	0				0	1	0	
256	70266	0				0	1	3	
0	70899	0				0	1	0	
521	71233	0				0	1	0	
256	71566	0				0	1	3	
0	72233	0				0	1	0	
256	72899	0				0	1	3	
521	73433	0				0	1	0	
256	73833	0				0	1	0	
384	74566	0				0	1	0	
256	74933	0				0	1	3	
256	75299	0				0	1	0	
256	75599	0				0	1	3	
521	76199	0				0	1	0	
521	76633	0				0	1	0	
256	76899	0				0	1	3	
384	77399	0				0	1	0	
256	78266	0				0	1	3	
0	78899	0				0	1	0	
128	79566	0				0	1	0	
256	80233	0				0	1	3	
128	80933	0				0	1	0	
256	81799	0				0	1	3	
521	82266	0				0	1	0	
0	82833	0				0	1	0	
256	83566	0				0	1	3	
384	84466	0				0	1	0	
256	84933	0				0	1	3	
128	87933	0				0	1	0	
256	88266	0				0	1	0	
256	90033	0				0	1	0	
256	90933	0				0	1	0	
384	93266	0				0	1	4	
384	93599	0				0	1	0	
521	94899	0				0	1	4	
256	96233	0				0	1	3	
128	96599	0				0	1	0	
128	96899	0				0	1	0	
0	97233	0				0	1	0	
521	97599	0				0	1	0	
0	97933	0				0	1	0	
0	98266	0				0	1	0	
256	98599	0				0	1	0	
256	98899	0				0	1	0	
0	99266	0				0	1	0	
128	99599	0				0	1	0	
384	99933	0				0	1	0	
128	100266	0				0	1	0	
521	100599	0				0	1	0	
521	100899	0				0	1	0	
521	101233	0				0	1	0	
256	101566	0				0	1	3	
128	102566	0				0	1	0	
384	102933	0				0	1	0	
256	103266	0				0	1	0	
384	103599	0				0	1	0	
256	103899	0				0	1	3	
521	104233	0				0	1	0	
128	104933	0				0	1	0	
0	105266	0				0	1	0	
128	105599	0				0	1	0	
256	105933	0				0	1	0	
256	106233	0				0	1	0	
384	106566	0				0	1	0	
256	106899	0				0	1	0	
256	107566	0				0	1	3	
256	107899	0				0	1	0	
256	108266	0				0	1	3	
0	108599	0				0	1	0	
256	108899	0				0	1	3	
256	109233	0				0	1	0	
384	109566	0				0	1	0	
256	110233	0				0	1	3	
384	110933	0				0	1	0	
256	111266	0				0	1	0	
256	111566	0				0	1	3	
521	111899	0				0	1	0	
0	112233	0				0	1	0	
256	112899	0	S		C3	0	1	3	
0	113599	0				0	1	0	
384	113933	0				0	1	0	
256	114233	0				0	1	3	
521	114599	0				0	1	0	
521	114899	0				0	1	0	
256	115566	0				0	1	3	
128	115933	0				0	1	0	
384	116266	0				0	1	0	
256	116899	0				0	1	3	
0	117566	0				0	1	0	
256	118233	0				0	1	3	
256	118599	0				0	1	0	
256	118933	0				0	1	0	
256	119266	0				0	1	0	
256	119566	0				0	1	3	
384	119899	0				0	1	0	
256	120233	0				0	1	1	
256	120899	0				0	1	3	
0	121599	0				0	1	0	
0	121933	0				0	1	0	
256	122233	0				0	1	3	
0	122566	0				0	1	0	
521	122933	0				0	1	0	
0	123266	0				0	1	0	
256	123566	0				0	1	3	
384	123966	0				0	1	0	
256	124266	0				0	1	3	
384	124599	0				0	1	0	
256	124899	0				0	1	3	
128	125266	0				0	1	0	
0	125599	0				0	1	0	
256	126233	0				0	1	3	
256	126999	0				0	1	0	
256	128233	0				0	1	3	
384	128633	0				0	1	0	
256	128933	0				0	1	3	
0	129299	0				0	1	0	
0	129566	0				0	1	0	
384	129966	0				0	1	0	
256	130266	0				0	1	3	
256	130599	0				0	1	0	
256	130899	0				0	1	3	
128	131233	0				0	1	0	
256	131599	0				0	1	3	
384	131999	0				0	1	0	
256	132933	0				0	1	3	
0	133299	0				0	1	0	
0	133566	0				0	1	0	
384	133966	0				0	1	0	
256	134266	0				0	1	3	
128	134633	0				0	1	0	
128	134899	0				0	1	0	
521	135299	0				0	1	0	
256	135599	0				0	1	3	
256	135966	0				0	1	0	
256	136233	0				0	1	3	
521	136666	0				0	1	0	
256	136933	0				0	1	3	
128	137333	0				0	1	0	
128	137799	0				0	1	0	
256	138233	0				0	1	3	
0	138699	0				0	1	0	
256	139299	0				0	1	0	
256	139966	0				0	1	3	
384	140599	0				0	1	0	
256	140966	0				0	1	0	
256	141299	0				0	1	3	
256	141566	0				0	1	0	
256	142266	0				0	1	3	
384	142666	0				0	1	0	
521	143333	0				0	1	0	
256	143599	0				0	1	3	
256	144233	0				0	1	0	
384	144633	0				0	1	0	
256	144933	0				0	1	3	
521	145299	0				0	1	0	
521	145566	0				0	1	0	
384	145966	0				0	1	0	
256	146266	0				0	1	3	
128	146633	0				0	1	0	
256	146899	0				0	1	3	
384	147333	0				0	1	0	
256	147599	0				0	1	3	
0	147999	0				0	1	0	
521	148633	0				0	1	0	
256	148899	0				0	1	3	
256	149566	0				0	1	0	
256	150266	0				0	1	3	
256	151133	0				0	1	0	
256	151599	0				0	1	3	
128	151933	0				0	1	0	
128	152233	0				0	1	0	
256	152933	0				0	1	3	
384	153466	0				0	1	0	
0	153799	0				0	1	0	
256	154266	0				0	1	3	
0	154599	0				0	1	0	
0	154899	0				0	1	0	
256	155599	0				0	1	3	
0	156133	0				0	1	0	
256	156466	0				0	1	3	
256	156933	0				0	1	3	
128	157566	0				0	1	0	
256	158266	0				0	1	3	
521	158799	0				0	1	0	
256	159133	0				0	1	3	
128	159466	0				0	1	0	
256	159933	0				0	1	3	
256	160233	0				0	1	0	
256	160933	0				0	1	3	
521	161266	0				0	1	0	
256	161799	0				0	1	3	
256	162266	0				0	1	3	
128	162599	0				0	1	0	
128	162899	0				0	1	0	
256	163599	0				0	1	3	
0	164133	0				0	1	0	
256	164466	0				0	1	3	
256	164933	0				0	1	3	
384	165266	0				0	1	0	
256	166133	0				0	1	3	
521	166599	0				0	1	0	
256	167133	0				0	1	3	
0	167599	0				0	1	0	
256	167933	0				0	1	0	
256	168233	0				0	1	1	
256	168933	0				0	1	3	
128	169466	0				0	1	0	
256	169799	0				0	1	3	
521	170233	0				0	1	1	
384	170599	0				0	1	0	
256	170899	0				0	1	3	
128	173266	0				0	1	0	
0	173599	0				0	1	0	
521	175366	0				0	1	0	
128	176266	0				0	1	0	
521	177533	0				0	1	0	
384	178599	0				0	1	0	
256	178933	0				0	1	0	
0	180233	0				0	1	0	
256	181499	0	S		C1	0	1	0	
