音轨（1左2右）	开始时间	结束时间	道具	触发条件	触发事件	音效0是第一个	音量0-0.7的值可两位小数	0是打击点	音效点需要播的音效名字
Line	StartTime	EndTime	Item	Condition	Action	SoundEffects	Volume	IsHit	Gunbolt
0	1266	0				0	1	0	
128	1733	0				0	1	0	
521	2166	0				0	1	0	
128	3066	0				0	1	0	
128	4399	0				0	1	0	
128	6166	0				0	1	0	
256	6599	0				0	1	0	
0	7066	0				0	1	0	
521	8399	0				0	1	0	
521	9266	0				0	1	1	
521	9733	0				0	1	0	
0	11499	0				0	1	0	
128	12833	0				0	1	0	
521	13299	0				0	1	0	
256	14399	0				0	1	0	
128	15499	0				0	1	0	
384	16166	0				0	1	0	
128	17966	0				0	1	0	
384	18633	0				0	1	0	
0	19733	0				0	1	0	
256	21499	0				0	1	3	
128	21966	0				0	1	0	
128	22433	0				0	1	0	
128	22833	0				0	1	0	
256	23299	0				0	1	0	
256	24633	0				0	1	3	
0	25099	0				0	1	0	
384	25966	0				0	1	0	
384	26866	0				0	1	0	
256	28133	0				0	1	0	
256	28633	0				0	1	3	
128	29066	0				0	1	0	
256	29733	0				0	1	0	
128	30399	0				0	1	0	
0	32333	0				0	1	0	
256	32633	0				0	1	3	
521	33099	0				0	1	0	
256	33566	0				0	1	0	
256	33966	0				0	1	3	
0	34399	0				0	1	0	
384	34866	0				0	1	0	
256	35299	0				0	1	3	
521	35733	0				0	1	0	
128	37533	0				0	1	0	
256	38166	0				0	1	0	
128	39299	0				0	1	0	
128	40066	0				0	1	0	
256	40766	0				0	1	0	
0	41599	0				0	1	0	
256	42433	0				0	1	3	
0	42866	0				0	1	0	
256	43299	0				0	1	0	
384	43933	0				0	1	0	
128	44299	0				0	1	0	
384	44633	0				0	1	0	
128	45499	0				0	1	0	
256	46499	0				0	1	3	
128	46866	0				0	1	0	
384	48199	0				0	1	0	
521	49166	0				0	1	0	
256	49966	0				0	1	3	
256	50399	0				0	1	0	
256	51766	0				0	1	3	
256	53533	0				0	1	3	
521	54199	0				0	1	0	
0	54866	0				0	1	0	
256	55299	0				0	1	3	
384	55633	0				0	1	0	
0	56266	0				0	1	1	
256	57099	0				0	1	3	
0	57966	0				0	1	0	
384	58433	0				0	1	0	
0	58866	0				0	1	0	
256	59299	0				0	1	3	
128	61533	0				0	1	0	
256	62433	0				0	1	3	
128	62899	0				0	1	0	
128	63266	0	S		C2	0	1	0	
256	64166	0				0	1	3	
256	64633	0				0	1	0	
256	65066	0				0	1	0	
256	65499	0				0	1	3	
256	65966	0				0	1	0	
256	66399	0				0	1	3	
521	66833	0				0	1	0	
256	67299	0				0	1	0	
256	67733	0				0	1	3	
0	68166	0				0	1	0	
128	68599	0				0	1	0	
256	69066	0				0	1	3	
384	69499	0				0	1	0	
256	69966	0				0	1	3	
256	70399	0				0	1	0	
128	71299	0				0	1	0	
256	71733	0				0	1	3	
128	72166	0				0	1	0	
256	72633	0				0	1	0	
256	73066	0				0	1	3	
128	73499	0				0	1	0	
256	74399	0				0	1	0	
384	74833	0				0	1	0	
256	75499	0				0	1	0	
256	76166	0				0	1	3	
256	77066	0				0	1	3	
256	77966	0				0	1	3	
256	78833	0				0	1	3	
521	79733	0				0	1	0	
384	80166	0				0	1	0	
128	80633	0				0	1	0	
384	81066	0				0	1	0	
256	81499	0				0	1	0	
256	81933	0				0	1	3	
384	82399	0				0	1	0	
256	83066	0				0	1	3	
128	83499	0				0	1	0	
256	84166	0				0	1	3	
256	85066	0				0	1	3	
521	85499	0				0	1	0	
256	85966	0				0	1	3	
384	86399	0				0	1	1	
256	86833	0				0	1	3	
256	87733	0				0	1	3	
0	88633	0				0	1	0	
256	89066	0				0	1	3	
521	89499	0				0	1	0	
256	90399	0				0	1	3	
521	90833	0				0	1	0	
0	91299	0				0	1	0	
256	92166	0				0	1	3	
256	93066	0				0	1	3	
128	93499	0				0	1	0	
256	93966	0				0	1	0	
256	94399	0				0	1	3	
256	94833	0				0	1	0	
256	95733	0				0	1	3	
128	96166	0				0	1	0	
256	96633	0				0	1	0	
256	97499	0				0	1	3	
256	97966	0				0	1	3	
256	98399	0				0	1	3	
0	99066	0				0	1	0	
256	100166	0				0	1	3	
256	101066	0				0	1	3	
384	101499	0				0	1	0	
256	101933	0				0	1	0	
256	102399	0				0	1	3	
256	103066	0				0	1	3	
256	103733	0				0	1	3	
256	104399	0				0	1	0	
256	105066	0				0	1	0	
256	105499	0				0	1	3	
256	106399	0				0	1	3	
0	107966	0				0	1	0	
128	108699	0				0	1	0	
521	110166	0				0	1	0	
384	110599	0				0	1	0	
521	111066	0				0	1	0	
256	111499	0				0	1	0	
384	111966	0				0	1	0	
521	112299	0				0	1	0	
128	112699	0				0	1	0	
521	113733	0				0	1	0	
521	113999	0				0	1	0	
128	114633	0				0	1	0	
384	115066	0				0	1	0	
0	115833	0				0	1	0	
256	116399	0				0	1	0	
128	116833	0				0	1	0	
521	117733	0				0	1	0	
128	118166	0				0	1	0	
521	118599	0				0	1	0	
128	119066	0				0	1	0	
256	119499	0				0	1	0	
256	119966	0				0	1	0	
521	120399	0				0	1	0	
0	120833	0				0	1	0	
0	121099	0				0	1	0	
384	121733	0				0	1	0	
256	122633	0				0	1	0	
256	122933	0				0	1	0	
521	124399	0				0	1	0	
521	125299	0				0	1	0	
128	125733	0				0	1	0	
0	126633	0	S		C3	0	1	0	
521	127066	0				0	1	0	
384	127499	0				0	1	0	
384	127933	0				0	1	0	
521	128833	0				0	1	0	
521	129299	0				0	1	0	
128	129733	0				0	1	0	
128	130033	0				0	1	0	
521	130633	0				0	1	0	
128	131066	0				0	1	0	
521	131499	0				0	1	0	
0	132399	0				0	1	0	
256	132833	0				0	1	0	
128	133733	0				0	1	4	
128	134166	0				0	1	0	
0	135299	0				0	1	0	
256	135733	0				0	1	0	
384	136399	0				0	1	0	
128	136833	0				0	1	0	
0	137233	0				0	1	0	
521	138999	0				0	1	0	
0	139499	0				0	1	0	
0	139966	0				0	1	0	
521	140633	0				0	1	0	
521	141299	0				0	1	0	
256	141733	0				0	1	0	
256	142166	0				0	1	0	
256	142466	0				0	1	0	
521	143066	0				0	1	0	
521	143499	0				0	1	0	
256	143966	0				0	1	0	
256	144299	0				0	1	0	
521	145966	0				0	1	0	
521	146266	0				0	1	0	
384	146599	0				0	1	0	
256	147066	0				0	1	0	
0	147499	0				0	1	0	
384	149733	0				0	1	0	
256	150399	0				0	1	3	
256	150833	0				0	1	3	
128	151299	0				0	1	0	
256	151733	0				0	1	0	
256	152166	0				0	1	3	
256	153066	0				0	1	3	
128	153399	0				0	1	0	
256	153966	0				0	1	3	
521	154399	0				0	1	0	
256	154833	0				0	1	3	
256	155733	0				0	1	3	
256	156633	0				0	1	3	
128	157066	0				0	1	0	
256	157499	0				0	1	3	
384	157966	0				0	1	0	
256	158399	0				0	1	3	
521	158833	0				0	1	0	
256	159266	0				0	1	3	
521	159733	0				0	1	0	
384	160166	0				0	1	0	
256	161066	0				0	1	3	
256	161499	0				0	1	0	
256	161966	0				0	1	3	
521	162633	0				0	1	0	
256	163066	0				0	1	0	
256	163733	0				0	1	3	
521	164633	0				0	1	0	
256	165066	0				0	1	3	
256	165499	0				0	1	0	
256	165966	0				0	1	0	
256	166399	0				0	1	3	
0	167299	0				0	1	0	
521	167733	0				0	1	0	
256	168166	0				0	1	3	
256	169066	0				0	1	3	
256	169733	0				0	1	3	
128	170399	0				0	1	0	
256	170833	0				0	1	0	
128	171266	0				0	1	0	
256	171733	0				0	1	3	
384	172166	0				0	1	0	
384	172633	0				0	1	0	
384	173066	0				0	1	1	
256	173499	0				0	1	3	
256	173933	0				0	1	0	
256	174399	0				0	1	3	
256	174699	0				0	1	0	
256	175266	0				0	1	3	
521	176166	0				0	1	0	
256	177066	0				0	1	3	
128	178399	0				0	1	0	
256	178833	0				0	1	3	
256	179299	0				0	1	0	
256	179733	0				0	1	3	
256	180599	0				0	1	3	
384	181066	0				0	1	0	
256	181499	0				0	1	3	
521	181966	0				0	1	0	
256	182399	0				0	1	3	
0	182833	0				0	1	0	
256	183299	0				0	1	3	
256	183966	0				0	1	3	
128	184399	0				0	1	0	
256	185066	0				0	1	3	
256	185733	0				0	1	0	
256	186399	0				0	1	3	
128	186833	0				0	1	0	
256	187733	0				0	1	3	
128	188166	0				0	1	0	
256	188633	0				0	1	3	
256	189066	0				0	1	0	
256	189499	0				0	1	3	
256	190399	0				0	1	3	
384	191066	0				0	1	0	
256	191499	0				0	1	3	
0	191966	0				0	1	0	
256	193066	0				0	1	3	
384	193499	0				0	1	0	
384	194799	0	S		C1	0	1	0	
