音轨（1左2右）	开始时间	结束时间	道具	触发条件	触发事件	音效0是第一个	音量0-0.7的值可两位小数	0是打击点	音效点需要播的音效名字
Line	StartTime	EndTime	Item	Condition	Action	SoundEffects	Volume	IsHit	Gunbolt
256	1408	0				0	1	0	
256	2021	0				0	1	3	
128	2603	0				0	1	0	
521	3001	0				0	1	0	
128	3613	0				0	1	0	
0	4011	0				0	1	0	
256	4624	0				0	1	3	
384	5206	0				0	1	0	
0	5818	0				0	1	1	
521	6216	0				0	1	0	
384	6614	0				0	1	0	
128	6982	0				0	1	0	
256	7411	0				0	1	3	
256	7993	0				0	1	0	
128	8421	0				0	1	0	
256	9034	0				0	1	3	
521	9432	0				0	1	0	
256	9738	0				0	1	3	
256	10014	0				0	1	0	
256	10626	0				0	1	3	
384	11208	0				0	1	0	
256	11821	0				0	1	3	
256	12219	0				0	1	3	
0	12831	0				0	1	0	
256	13811	0				0	1	3	
0	14209	0				0	1	0	
256	14822	0				0	1	3	
256	15434	0				0	1	3	
128	16016	0				0	1	0	
128	16384	0				0	1	0	
256	17027	0				0	1	3	
384	17425	0				0	1	0	
256	18221	0				0	1	0	
256	18619	0				0	1	3	
256	19232	0				0	1	3	
384	19814	0				0	1	0	
384	20824	0				0	1	1	
384	21223	0				0	1	0	
256	21804	0				0	1	3	
521	22417	0				0	1	0	
384	22815	0				0	1	0	
256	23428	0				0	1	3	
256	24009	0				0	1	0	
521	24622	0				0	1	0	
256	25020	0				0	1	3	
0	25633	0				0	1	0	
256	26613	0				0	1	3	
384	27011	0				0	1	0	
256	27623	0				0	1	3	
128	27929	0				0	1	0	
256	28236	0				0	1	3	
521	28818	0				0	1	0	
0	29246	0				0	1	0	
256	29828	0				0	1	3	
521	30226	0				0	1	0	
128	31023	0				0	1	0	
256	31421	0				0	1	3	
521	32033	0				0	1	0	
256	33013	0	S		C2	0	1	3	
256	33319	0				0	1	1	
128	33626	0				0	1	4	
256	34024	0				0	1	3	
256	34606	0				0	1	3	
384	35218	0				0	1	0	
256	36229	0				0	1	3	
256	36504	0				0	1	0	
384	36811	0				0	1	0	
256	37209	0				0	1	3	
256	37821	0				0	1	3	
256	38434	0				0	1	3	
128	38924	0				0	1	0	
256	39414	0				0	1	3	
256	39751	0				0	1	0	
256	40026	0				0	1	0	
256	40424	0				0	1	3	
0	41006	0				0	1	0	
128	41619	0				0	1	0	
256	42017	0				0	1	3	
256	42629	0				0	1	0	
256	43211	0				0	1	0	
256	44099	0				0	1	3	
128	44528	0				0	1	0	
256	44957	0				0	1	3	
128	45355	0				0	1	0	
256	45814	0				0	1	3	
0	46427	0				0	1	0	
256	46825	0				0	1	3	
384	47376	0				0	1	0	
256	48019	0				0	1	0	
521	48540	0				0	1	0	
256	49030	0				0	1	3	
256	49612	0				0	1	0	
384	50010	0				0	1	0	
256	50623	0				0	1	3	
256	51235	0				0	1	0	
521	52246	0				0	1	0	
256	53011	0				0	1	3	
128	53440	0				0	1	0	
0	53838	0				0	1	0	
256	54604	0				0	1	3	
256	55431	0				0	1	4	
256	56227	0				0	1	3	
521	57023	0				0	1	0	
256	58218	0				0	1	3	
256	58616	0				0	1	0	
0	59412	0				0	1	0	
384	59810	0				0	1	0	
256	60178	0				0	1	3	
384	60576	0				0	1	0	
256	61004	0				0	1	3	
0	61372	0				0	1	0	
256	61831	0				0	1	3	
0	62413	0				0	1	0	
128	63026	0				0	1	0	
256	63424	0				0	1	3	
0	63822	0				0	1	1	
256	65016	0				0	1	3	
521	65598	0				0	1	0	
256	66027	0				0	1	3	
256	66609	0				0	1	3	
256	67221	0	S		C3	0	1	3	
521	68232	0				0	1	0	
521	68814	0				0	1	0	
0	69426	0				0	1	0	
256	69824	0				0	1	3	
384	70223	0				0	1	0	
256	70774	0				0	1	3	
256	71417	0				0	1	3	
0	71815	0				0	1	0	
256	72428	0				0	1	3	
256	73009	0				0	1	3	
256	73622	0				0	1	3	
521	74235	0				0	1	0	
256	74633	0				0	1	3	
256	75214	0				0	1	0	
256	76225	0				0	1	3	
256	76623	0				0	1	3	
0	76930	0				0	1	1	
0	77205	0				0	1	0	
256	77818	0				0	1	3	
0	78399	0				0	1	0	
128	78828	0				0	1	0	
256	79410	0				0	1	3	
256	80023	0				0	1	3	
256	81033	0				0	1	3	
256	81615	0				0	1	0	
384	82013	0				0	1	0	
256	82626	0				0	1	3	
384	83238	0				0	1	0	
256	84218	0				0	1	3	
128	84616	0				0	1	4	
256	85229	0				0	1	3	
256	85811	0				0	1	3	
256	86423	0				0	1	3	
256	87403	0				0	1	3	
128	88016	0				0	1	0	
256	88414	0				0	1	3	
521	89026	0				0	1	0	
256	89608	0				0	1	3	
256	90619	0				0	1	3	
0	91201	0				0	1	0	
256	91629	0				0	1	3	
128	92211	0				0	1	0	
256	92824	0				0	1	3	
521	93681	0				0	1	0	
128	94416	0				0	1	0	
256	94814	0				0	1	3	
256	95427	0				0	1	3	
128	96009	0				0	1	0	
521	96652	0				0	1	0	
256	97019	0				0	1	3	
521	97632	0				0	1	0	
256	98030	0				0	1	3	
128	98612	0				0	1	0	
256	99224	0				0	1	3	
256	99745	0				0	1	0	
256	100204	0				0	1	3	
521	100817	0				0	1	0	
0	101215	0				0	1	0	
256	101828	0				0	1	3	
0	102134	0				0	1	0	
128	102624	0				0	1	0	
256	102930	0				0	1	0	
256	103420	0				0	1	3	
0	103726	0				0	1	0	
0	104002	0				0	1	0	
521	104431	0				0	1	0	
256	105013	0				0	1	3	
256	105288	0				0	1	0	
256	105625	0				0	1	3	
384	106176	0				0	1	0	
256	106605	0				0	1	3	
128	107003	0				0	1	0	
256	107616	0				0	1	3	
256	108228	0				0	1	0	
256	109024	0				0	1	0	
128	109453	0				0	1	0	
256	109821	0	S		C1	0	1	0	
