音轨（1左2右）	开始时间	结束时间	道具	触发条件	触发事件	音效0是第一个	音量0-0.7的值可两位小数	0是打击点	音效点需要播的音效名字
Line	StartTime	EndTime	Item	Condition	Action	SoundEffects	Volume	IsHit	Gunbolt
128	1199	0				0	1	0	
256	2033	0				0	1	0	
0	3333	0				0	1	0	
0	3633	0				0	1	0	
521	4633	0				0	1	0	
384	5466	0				0	1	0	
0	6199	0				0	1	0	
0	6766	0				0	1	0	
256	7199	0				0	1	0	
256	8033	0				0	1	3	
521	8899	0				0	1	0	
256	9766	0				0	1	3	
128	10166	0				0	1	0	
128	10466	0				0	1	4	
0	11466	0				0	1	0	
256	12333	0				0	1	3	
0	13199	0				0	1	0	
256	14033	0				0	1	0	
256	14899	0				0	1	3	
0	15766	0				0	1	0	
256	16633	0				0	1	3	
128	17033	0				0	1	1	
128	17333	0				0	1	0	
256	18333	0				0	1	3	
0	19199	0				0	1	0	
256	20033	0				0	1	3	
384	20466	0				0	1	0	
256	20899	0				0	1	0	
256	21766	0				0	1	3	
256	23033	0				0	1	0	
256	23466	0				0	1	3	
256	23899	0				0	1	0	
256	24199	0				0	1	0	
256	25199	0				0	1	3	
0	25633	0				0	1	0	
521	26066	0				0	1	0	
128	26966	0				0	1	0	
256	27766	0				0	1	3	
128	28199	0				0	1	0	
256	28599	0				0	1	3	
521	29033	0				0	1	0	
384	29499	0				0	1	0	
128	29933	0				0	1	0	
256	30333	0				0	1	3	
384	30766	0				0	1	0	
256	31166	0				0	1	3	
384	31633	0				0	1	0	
256	32033	0				0	1	3	
384	32466	0				0	1	0	
256	32899	0				0	1	3	
521	33333	0				0	1	0	
256	33766	0				0	1	3	
256	34033	0				0	1	0	
256	34333	0				0	1	3	
256	34599	0				0	1	0	
128	35033	0				0	1	0	
256	35466	0				0	1	3	
128	35899	0				0	1	0	
384	36333	0				0	1	0	
128	36766	0				0	1	0	
256	37199	0				0	1	3	
384	37633	0				0	1	0	
128	38033	0				0	1	0	
521	38466	0				0	1	0	
256	38899	0				0	1	3	
384	39333	0				0	1	0	
128	39766	0				0	1	0	
0	40233	0				0	1	0	
384	40599	0				0	1	0	
256	41466	0				0	1	3	
384	41899	0				0	1	0	
256	42333	0				0	1	0	
256	42766	0				0	1	3	
128	43199	0				0	1	0	
521	43633	0				0	1	0	
256	44033	0				0	1	3	
384	44466	0				0	1	0	
256	44899	0				0	1	3	
0	45333	0				0	1	0	
256	45733	0				0	1	3	
0	46166	0				0	1	0	
128	46599	0				0	1	0	
256	47033	0				0	1	3	
521	47466	0				0	1	0	
384	47899	0				0	1	0	
256	48333	0				0	1	3	
256	48766	0				0	1	0	
256	49166	0				0	1	3	
256	49599	0				0	1	0	
256	50033	0				0	1	3	
128	50466	0				0	1	0	
256	50899	0				0	1	3	
128	51333	0				0	1	0	
256	51766	0				0	1	3	
521	52199	0				0	1	0	
256	52599	0				0	1	3	
0	53033	0				0	1	0	
256	53466	0				0	1	3	
256	54366	0	S		C2	0	1	0	
256	55199	0				0	1	0	
384	55633	0				0	1	0	
256	56033	0				0	1	3	
521	56466	0				0	1	0	
256	56899	0				0	1	3	
0	57333	0				0	1	0	
256	57766	0				0	1	3	
0	58199	0				0	1	0	
256	58599	0				0	1	3	
0	59066	0				0	1	0	
256	59466	0				0	1	3	
521	59899	0				0	1	0	
128	60333	0				0	1	0	
256	60766	0				0	1	3	
256	61199	0				0	1	0	
521	62033	0				0	1	0	
256	62899	0				0	1	3	
0	63333	0				0	1	0	
256	63766	0				0	1	3	
256	64199	0				0	1	0	
256	64599	0				0	1	3	
0	65033	0				0	1	0	
256	65466	0				0	1	3	
384	65899	0				0	1	0	
256	66333	0				0	1	3	
521	66766	0				0	1	0	
256	67199	0				0	1	3	
128	67599	0				0	1	0	
256	68032	0				0	1	3	
384	68466	0				0	1	0	
384	68899	0				0	1	0	
256	69766	0				0	1	3	
521	70632	0				0	1	0	
0	71899	0				0	1	0	
0	72199	0				0	1	0	
256	73199	0				0	1	3	
128	74032	0				0	1	0	
0	74766	0				0	1	0	
128	75332	0				0	1	0	
256	75766	0				0	1	3	
0	76199	0				0	1	0	
256	76632	0				0	1	3	
521	77332	0				0	1	0	
256	78766	0				0	1	3	
521	79666	0				0	1	0	
256	80066	0				0	1	3	
256	80499	0				0	1	0	
0	80899	0				0	1	0	
384	81799	0				0	1	0	
0	82266	0				0	1	0	
256	82599	0				0	1	3	
256	83066	0				0	1	0	
256	83466	0				0	1	3	
384	83899	0				0	1	0	
128	84332	0				0	1	0	
256	85166	0				0	1	3	
521	85599	0				0	1	0	
256	86032	0				0	1	3	
384	86466	0				0	1	0	
256	86899	0				0	1	3	
384	87332	0				0	1	0	
256	87766	0				0	1	3	
256	88332	0				0	1	0	
256	88599	0				0	1	0	
256	88899	0				0	1	0	
256	89466	0				0	1	3	
384	89899	0				0	1	0	
256	90332	0				0	1	3	
384	90766	0				0	1	0	
384	91199	0				0	1	0	
384	91632	0				0	1	0	
256	92032	0				0	1	3	
0	92466	0				0	1	0	
256	92899	0				0	1	3	
128	93332	0				0	1	0	
256	93766	0				0	1	3	
521	94199	0				0	1	0	
0	94632	0				0	1	0	
256	95466	0				0	1	0	
256	96332	0				0	1	3	
0	96766	0				0	1	0	
256	97166	0				0	1	3	
384	97599	0				0	1	0	
0	98032	0				0	1	0	
128	98466	0				0	1	0	
256	98899	0				0	1	3	
521	99332	0				0	1	0	
128	99766	0				0	1	0	
384	100199	0				0	1	4	
256	100599	0				0	1	3	
384	101032	0				0	1	0	
521	101466	0				0	1	0	
256	101899	0				0	1	3	
521	102332	0				0	1	0	
256	102766	0				0	1	3	
128	103199	0				0	1	0	
256	104032	0				0	1	3	
384	104466	0				0	1	0	
256	104899	0				0	1	3	
384	105332	0				0	1	0	
256	105766	0				0	1	3	
128	106166	0				0	1	0	
256	106599	0				0	1	3	
128	107032	0				0	1	0	
256	107466	0				0	1	3	
0	107899	0				0	1	0	
256	108332	0				0	1	3	
256	109232	0				0	1	0	
256	109532	0	S		C3	0	1	0	
256	110032	0				0	1	3	
521	110466	0				0	1	0	
256	110899	0				0	1	3	
521	111332	0				0	1	1	
256	111766	0				0	1	3	
384	112199	0				0	1	0	
256	112599	0				0	1	3	
256	113032	0				0	1	0	
521	113466	0				0	1	0	
384	113899	0				0	1	0	
256	114332	0				0	1	0	
256	114766	0				0	1	3	
0	115199	0				0	1	0	
256	115632	0				0	1	0	
384	116032	0				0	1	0	
0	116466	0				0	1	0	
256	116899	0				0	1	3	
0	117332	0				0	1	4	
256	117766	0				0	1	3	
256	118166	0				0	1	0	
256	118599	0				0	1	3	
0	119066	0				0	1	0	
256	119466	0				0	1	3	
521	119899	0				0	1	0	
256	120332	0				0	1	3	
384	120766	0				0	1	0	
256	121166	0				0	1	3	
521	121599	0				0	1	0	
256	122032	0				0	1	3	
521	122466	0				0	1	0	
256	122899	0				0	1	3	
256	123332	0				0	1	0	
0	124599	0				0	1	0	
0	125466	0				0	1	0	
256	126332	0				0	1	3	
256	127199	0				0	1	3	
0	128066	0				0	1	0	
128	128899	0				0	1	0	
256	129766	0				0	1	3	
128	130632	0				0	1	0	
384	131466	0				0	1	0	
256	131899	0				0	1	0	
256	132332	0				0	1	0	
256	133199	0				0	1	3	
0	134066	0				0	1	0	
128	134499	0				0	1	0	
256	134899	0				0	1	3	
128	135332	0				0	1	0	
256	135766	0				0	1	3	
256	136632	0				0	1	3	
128	137499	0				0	1	0	
256	138332	0				0	1	3	
256	139199	0				0	1	0	
256	140032	0				0	1	3	
521	140899	0				0	1	1	
128	141332	0				0	1	0	
256	141765	0				0	1	3	
384	142199	0				0	1	0	
256	142632	0				0	1	3	
128	143065	0				0	1	0	
256	143465	0				0	1	0	
256	144332	0				0	1	3	
521	144765	0				0	1	0	
256	145199	0				0	1	3	
128	145599	0				0	1	0	
256	146032	0				0	1	3	
521	146499	0				0	1	0	
256	146899	0				0	1	3	
256	147332	0				0	1	0	
256	147765	0				0	1	3	
384	148199	0				0	1	0	
256	148632	0				0	1	3	
521	149032	0				0	1	0	
256	149465	0				0	1	3	
256	149765	0				0	1	0	
256	150332	0				0	1	3	
384	150765	0				0	1	0	
384	151199	0				0	1	0	
256	152032	0				0	1	3	
384	152465	0				0	1	0	
384	152899	0				0	1	0	
0	153332	0				0	1	0	
256	153765	0				0	1	3	
128	154199	0				0	1	0	
0	154599	0				0	1	0	
521	155032	0				0	1	0	
256	155465	0				0	1	3	
256	155899	0				0	1	0	
128	156332	0				0	1	0	
256	156765	0				0	1	3	
521	157199	0				0	1	0	
256	158032	0				0	1	3	
521	158465	0				0	1	0	
128	158899	0				0	1	0	
256	159765	0				0	1	3	
128	160199	0				0	1	0	
256	160599	0				0	1	3	
521	161032	0				0	1	0	
256	161465	0				0	1	3	
256	161899	0				0	1	0	
0	162332	0				0	1	0	
384	162765	0				0	1	0	
256	163199	0				0	1	3	
0	164065	0				0	1	0	
521	164899	0				0	1	0	
256	165332	0				0	1	0	
256	165765	0				0	1	3	
384	166165	0				0	1	4	
128	166599	0				0	1	0	
128	167065	0				0	1	0	
256	167465	0				0	1	3	
128	167899	0				0	1	0	
256	168332	0				0	1	3	
256	168765	0				0	1	0	
256	169165	0				0	1	3	
521	169599	0				0	1	1	
128	170032	0				0	1	0	
256	170465	0				0	1	3	
128	170899	0				0	1	0	
521	171332	0				0	1	0	
128	171765	0				0	1	0	
256	172599	0				0	1	3	
0	173032	0				0	1	0	
256	173465	0				0	1	3	
128	173899	0				0	1	0	
256	174332	0				0	1	3	
521	174765	0				0	1	0	
256	175165	0				0	1	3	
384	175632	0				0	1	0	
256	176032	0				0	1	3	
384	176465	0				0	1	0	
256	176899	0				0	1	3	
0	177332	0				0	1	0	
384	177765	0				0	1	0	
256	178199	0				0	1	3	
128	178632	0	S		C1	0	1	0	
