音轨（1左2右）	开始时间	结束时间	道具	触发条件	触发事件	音效0是第一个	音量0-0.7的值可两位小数	0是打击点	音效点需要播的音效名字
Line	StartTime	EndTime	Item	Condition	Action	SoundEffects	Volume	IsHit	Gunbolt
0	1899	0				0	1	0	
128	2933	0				0	1	0	
256	3966	0				0	1	0	
128	4733	0				0	1	0	
128	4999	0				0	1	0	
0	5766	0				0	1	0	
521	6533	0				0	1	0	
256	6799	0				0	1	3	
128	7566	0				0	1	0	
128	7833	0				0	1	0	
256	8366	0				0	1	3	
0	8866	0				0	1	0	
521	9399	0				0	1	0	
256	9899	0				0	1	3	
256	10166	0				0	1	0	
256	10433	0				0	1	0	
256	10933	0				0	1	3	
256	11199	0				0	1	0	
256	11466	0				0	1	0	
256	11966	0				0	1	3	
256	12233	0				0	1	0	
256	12999	0				0	1	3	
384	13266	0				0	1	5	
128	13533	0				0	1	5	
384	14033	0				0	1	5	
128	14299	0				0	1	5	
384	14566	0				0	1	5	
128	15066	0				0	1	5	
384	15333	0				0	1	5	
128	15599	0				0	1	5	
384	16099	0				0	1	5	
128	16366	0				0	1	5	
384	16633	0				0	1	5	
128	17133	0				0	1	5	
384	17399	0				0	1	5	
128	17666	0				0	1	5	
521	18166	0				0	1	0	
521	18433	0				0	1	0	
256	18699	0				0	1	3	
256	18966	0				0	1	0	
128	19466	0				0	1	0	
128	19733	0				0	1	0	
256	20233	0				0	1	3	
256	20499	0				0	1	0	
521	21033	0				0	1	0	
256	21299	0				0	1	3	
128	21799	0				0	1	0	
128	22066	0				0	1	0	
256	22333	0				0	1	3	
128	22833	0				0	1	0	
128	23099	0				0	1	0	
256	23366	0				0	1	3	
521	23866	0				0	1	0	
521	24133	0				0	1	0	
256	24399	0				0	1	3	
256	24899	0				0	1	3	
256	25166	0				0	1	0	
256	25433	0				0	1	3	
256	25933	0				0	1	0	
256	26199	0				0	1	0	
256	26466	0				0	1	3	
0	26966	0				0	1	0	
0	27233	0				0	1	0	
256	27499	0				0	1	3	
256	27999	0				0	1	0	
256	28266	0				0	1	0	
256	28533	0				0	1	3	
256	29033	0				0	1	3	
256	29299	0				0	1	0	
256	29566	0				0	1	3	
384	30066	0				0	1	0	
384	30333	0				0	1	0	
256	30599	0				0	1	3	
0	31099	0				0	1	0	
0	31366	0				0	1	0	
256	31633	0				0	1	3	
128	32133	0				0	1	0	
128	32399	0				0	1	0	
256	32666	0				0	1	3	
256	32933	0				0	1	0	
128	33433	0				0	1	0	
256	33699	0				0	1	3	
521	34199	0				0	1	0	
521	34466	0				0	1	0	
256	34733	0				0	1	3	
256	34999	0				0	1	0	
128	35499	0				0	1	0	
256	35766	0				0	1	3	
256	36033	0				0	1	0	
521	36533	0				0	1	0	
256	36799	0				0	1	3	
256	37066	0				0	1	0	
0	37566	0				0	1	0	
256	37833	0				0	1	3	
256	38099	0				0	1	0	
128	38599	0				0	1	0	
256	38866	0				0	1	3	
384	39133	0				0	1	5	
128	39399	0				0	1	5	
384	39899	0				0	1	5	
128	40166	0				0	1	5	
128	40933	0				0	1	0	
256	41199	0				0	1	3	
256	41466	0				0	1	0	
256	41966	0				0	1	3	
256	42233	0				0	1	0	
256	42499	0				0	1	0	
256	42999	0				0	1	3	
256	43266	0				0	1	0	
256	43533	0				0	1	0	
256	44033	0				0	1	3	
256	44299	0				0	1	0	
256	44566	0				0	1	3	
256	45066	0				0	1	3	
256	45333	0	S		C2	0	1	0	
128	45599	0				0	1	5	
384	46099	0				0	1	5	
128	46366	0				0	1	5	
384	46633	0				0	1	5	
128	47133	0				0	1	5	
384	47399	0				0	1	5	
128	47666	0				0	1	5	
384	48166	0				0	1	5	
128	48433	0				0	1	5	
384	48699	0				0	1	5	
128	49199	0				0	1	5	
384	49466	0				0	1	5	
128	49733	0				0	1	5	
128	50233	0				0	1	0	
256	50766	0				0	1	3	
256	51266	0				0	1	3	
256	51533	0				0	1	0	
256	51799	0				0	1	3	
384	52299	0				0	1	5	
128	52566	0				0	1	5	
384	52833	0				0	1	5	
128	53099	0				0	1	5	
384	53366	0				0	1	5	
128	53633	0				0	1	5	
384	54133	0				0	1	0	
256	54399	0				0	1	3	
256	54899	0				0	1	3	
256	55166	0				0	1	0	
256	55433	0				0	1	3	
256	55933	0				0	1	3	
256	56199	0				0	1	0	
256	56466	0				0	1	3	
128	56966	0				0	1	0	
128	57233	0				0	1	0	
256	57499	0				0	1	3	
256	57766	0				0	1	0	
256	58533	0				0	1	3	
0	59033	0				0	1	0	
0	59299	0				0	1	0	
256	59566	0				0	1	3	
256	60066	0				0	1	3	
256	60333	0				0	1	0	
128	60599	0				0	1	5	
384	61099	0				0	1	5	
128	61366	0				0	1	5	
384	61633	0				0	1	5	
128	61899	0				0	1	5	
521	62399	0				0	1	1	
256	62666	0				0	1	3	
256	63166	0				0	1	3	
256	63433	0				0	1	0	
256	63699	0				0	1	3	
256	63966	0				0	1	0	
256	64466	0				0	1	0	
256	64733	0				0	1	3	
256	64999	0				0	1	0	
384	65499	0				0	1	0	
256	65766	0				0	1	3	
256	66033	0				0	1	0	
256	66799	0				0	1	3	
256	67299	0				0	1	3	
256	67566	0				0	1	0	
128	67833	0				0	1	5	
384	68099	0				0	1	5	
128	68366	0				0	1	5	
384	68866	0				0	1	5	
128	69133	0				0	1	5	
384	69899	0				0	1	5	
128	70166	0				0	1	5	
128	70666	0				0	1	0	
256	70933	0				0	1	3	
256	71199	0				0	1	0	
256	71466	0				0	1	3	
256	71966	0				0	1	3	
256	72233	0				0	1	0	
256	72499	0				0	1	3	
256	72999	0				0	1	3	
384	73266	0				0	1	5	
128	73533	0				0	1	5	
384	74033	0				0	1	5	
128	74566	0				0	1	5	
384	75066	0				0	1	0	
384	75333	0				0	1	0	
256	75599	0				0	1	3	
256	76099	0				0	1	3	
256	76366	0				0	1	0	
256	76633	0				0	1	3	
256	77133	0				0	1	3	
256	77399	0				0	1	0	
256	77666	0				0	1	3	
256	78166	0				0	1	3	
256	78433	0				0	1	4	
384	78699	0				0	1	5	
128	79199	0				0	1	5	
384	79466	0				0	1	5	
128	79733	0				0	1	5	
384	80233	0				0	1	5	
128	80499	0				0	1	5	
384	80766	0				0	1	5	
128	81033	0				0	1	5	
521	81799	0				0	1	0	
256	82066	0				0	1	3	
521	82599	0				0	1	0	
128	83099	0				0	1	0	
128	83366	0				0	1	0	
256	83866	0				0	1	3	
256	84133	0				0	1	0	
384	84399	0				0	1	5	
128	84899	0				0	1	5	
384	85166	0				0	1	5	
128	85433	0				0	1	5	
521	85933	0				0	1	0	
521	86199	0				0	1	0	
256	86466	0				0	1	3	
256	86966	0				0	1	0	
256	87233	0				0	1	0	
256	87499	0				0	1	3	
384	87999	0				0	1	0	
384	88266	0				0	1	0	
256	88533	0				0	1	3	
256	89033	0				0	1	3	
256	89299	0				0	1	1	
256	89566	0				0	1	3	
256	90066	0				0	1	0	
256	90333	0				0	1	0	
256	90599	0				0	1	3	
256	90866	0				0	1	0	
0	91366	0				0	1	0	
256	91633	0				0	1	3	
128	92133	0				0	1	0	
128	92399	0				0	1	0	
256	92666	0				0	1	3	
256	92933	0				0	1	0	
384	93433	0				0	1	0	
256	93699	0				0	1	3	
256	93966	0				0	1	0	
0	94466	0				0	1	0	
256	94733	0				0	1	3	
256	94999	0				0	1	0	
256	95499	0				0	1	0	
256	95766	0				0	1	3	
256	96266	0				0	1	3	
256	96533	0				0	1	0	
256	96799	0				0	1	3	
256	97066	0				0	1	0	
128	97566	0				0	1	0	
256	97833	0				0	1	3	
256	98099	0				0	1	0	
0	98599	0	S		C3	0	1	0	
256	98866	0				0	1	3	
256	99133	0				0	1	0	
384	99633	0				0	1	0	
256	99899	0				0	1	3	
128	100399	0				0	1	0	
128	100666	0				0	1	0	
128	100933	0				0	1	5	
384	101199	0				0	1	5	
128	101466	0				0	1	5	
384	101966	0				0	1	5	
128	102233	0				0	1	5	
256	102733	0				0	1	1	
256	102999	0				0	1	3	
256	103266	0				0	1	0	
256	103533	0				0	1	0	
256	104033	0				0	1	3	
256	104299	0				0	1	0	
128	104566	0				0	1	5	
384	105066	0				0	1	5	
128	105333	0				0	1	5	
384	105599	0				0	1	5	
128	106099	0				0	1	5	
128	106633	0				0	1	0	
256	106899	0				0	1	3	
256	107399	0				0	1	3	
256	107666	0				0	1	0	
128	108166	0				0	1	0	
256	108699	0				0	1	3	
256	109199	0				0	1	3	
256	109466	0				0	1	0	
256	109733	0				0	1	3	
256	110233	0				0	1	3	
128	110499	0				0	1	5	
384	110766	0				0	1	5	
128	111033	0				0	1	5	
384	111299	0				0	1	5	
128	111799	0				0	1	5	
256	112299	0				0	1	0	
256	112833	0				0	1	3	
256	113099	0				0	1	0	
256	113366	0				0	1	0	
0	113866	0				0	1	0	
256	114133	0				0	1	3	
256	114399	0				0	1	0	
521	114899	0				0	1	0	
256	115166	0				0	1	3	
256	115433	0				0	1	0	
256	115699	0				0	1	0	
384	116199	0				0	1	0	
384	116466	0				0	1	0	
256	116966	0				0	1	3	
256	117233	0				0	1	0	
384	117499	0				0	1	5	
128	117999	0				0	1	5	
384	118266	0				0	1	5	
128	118533	0				0	1	5	
521	119033	0				0	1	0	
521	119299	0				0	1	0	
256	119566	0				0	1	3	
256	119833	0				0	1	4	
128	120333	0				0	1	0	
256	120599	0				0	1	3	
256	121099	0				0	1	3	
256	121366	0				0	1	0	
256	121633	0				0	1	3	
256	122133	0				0	1	3	
256	122399	0				0	1	0	
128	122666	0				0	1	5	
384	123166	0				0	1	5	
128	123433	0				0	1	5	
384	123699	0				0	1	5	
128	123966	0				0	1	5	
0	124733	0				0	1	0	
384	125233	0				0	1	0	
384	125499	0				0	1	0	
256	125766	0				0	1	3	
256	126033	0				0	1	0	
128	126533	0				0	1	0	
256	126799	0				0	1	3	
256	127066	0				0	1	0	
256	127566	0				0	1	0	
256	127833	0				0	1	3	
256	128099	0				0	1	0	
256	128366	0				0	1	0	
256	128866	0				0	1	3	
256	129366	0				0	1	3	
128	129633	0				0	1	5	
384	129899	0				0	1	5	
128	130166	0				0	1	5	
384	130433	0				0	1	5	
128	130933	0				0	1	5	
384	131199	0				0	1	5	
128	131466	0				0	1	5	
0	131966	0				0	1	0	
256	132233	0				0	1	3	
384	132999	0				0	1	0	
384	133533	0				0	1	0	
256	134033	0				0	1	3	
256	134299	0				0	1	0	
256	134566	0				0	1	3	
256	135066	0				0	1	3	
256	135333	0				0	1	0	
256	135599	0				0	1	3	
256	136099	0				0	1	3	
256	136366	0				0	1	0	
256	136633	0				0	1	0	
256	137133	0				0	1	3	
384	137399	0				0	1	5	
128	137666	0				0	1	5	
384	138166	0				0	1	5	
128	138433	0				0	1	5	
384	138699	0				0	1	5	
128	139199	0				0	1	5	
384	139733	0				0	1	5	
128	139999	0				0	1	5	
521	140499	0				0	1	0	
256	142566	0				0	1	0	
256	142833	0				0	1	0	
256	143099	0				0	1	0	
256	143633	0				0	1	3	
128	144133	0				0	1	0	
128	144399	0				0	1	0	
256	144666	0				0	1	3	
384	145733	0				0	1	0	
256	146733	0				0	1	3	
256	147233	0				0	1	0	
256	147766	0				0	1	3	
0	148266	0				0	1	0	
0	148533	0				0	1	0	
256	148799	0				0	1	3	
256	150866	0				0	1	3	
521	151366	0				0	1	1	
256	151899	0				0	1	3	
256	152399	0				0	1	0	
256	152666	0				0	1	0	
384	152933	0				0	1	5	
128	154999	0				0	1	5	
384	155266	0				0	1	5	
128	155533	0				0	1	5	
521	156033	0				0	1	0	
256	156566	0				0	1	3	
256	157066	0	S		C1	0	1	0	
