音轨（1左2右）	开始时间	结束时间	道具	触发条件	触发事件	音效0是第一个	音量0-0.7的值可两位小数	0是打击点	音效点需要播的音效名字
Line	StartTime	EndTime	Item	Condition	Action	SoundEffects	Volume	IsHit	Gunbolt
256	2533	0				0	1	0	
0	3799	0				0	1	0	
384	5099	0				0	1	0	
384	6099	0				0	1	0	
0	7199	0				0	1	0	
0	7499	0				0	1	0	
0	8433	0				0	1	0	
0	8733	0				0	1	1	
128	9066	0				0	1	0	
128	9366	0				0	1	0	
0	9833	0				0	1	0	
256	10599	0				0	1	3	
256	11066	0				0	1	3	
256	11533	0				0	1	0	
256	11833	0				0	1	3	
256	12133	0				0	1	0	
256	12433	0				0	1	0	
256	12766	0				0	1	0	
256	13066	0				0	1	3	
256	13366	0				0	1	0	
128	13999	0				0	1	0	
256	14299	0				0	1	3	
256	14766	0				0	1	3	
0	15233	0				0	1	0	
256	15533	0				0	1	3	
521	15999	0				0	1	0	
384	16466	0				0	1	0	
256	16766	0				0	1	3	
0	17099	0				0	1	0	
384	17699	0				0	1	0	
256	17999	0				0	1	3	
256	18333	0				0	1	0	
521	18933	0				0	1	0	
384	19266	0				0	1	0	
256	19566	0				0	1	3	
256	20166	0				0	1	0	
256	20466	0				0	1	0	
384	20799	0				0	1	5	
128	21099	0				0	1	5	
384	21399	0				0	1	5	
128	21699	0				0	1	5	
384	22033	0				0	1	5	
128	22333	0				0	1	5	
0	22666	0				0	1	0	
256	22966	0				0	1	3	
256	23266	0				0	1	0	
128	23566	0				0	1	5	
384	23899	0				0	1	5	
128	24199	0				0	1	5	
384	24499	0				0	1	5	
128	25133	0				0	1	5	
384	25433	0				0	1	5	
128	25733	0				0	1	5	
256	26366	0				0	1	0	
256	26666	0				0	1	3	
256	26966	0				0	1	0	
128	27299	0				0	1	0	
128	27599	0				0	1	0	
256	27899	0				0	1	3	
128	28233	0				0	1	0	
128	28533	0				0	1	0	
128	28833	0				0	1	0	
256	29133	0				0	1	3	
521	29466	0				0	1	0	
521	29766	0				0	1	0	
256	30066	0				0	1	3	
128	30366	0				0	1	5	
384	30699	0				0	1	5	
128	30999	0				0	1	5	
384	31299	0				0	1	5	
128	31599	0				0	1	5	
521	31933	0				0	1	0	
521	32233	0				0	1	0	
521	32533	0				0	1	0	
384	32866	0				0	1	0	
256	33166	0				0	1	3	
256	33466	0				0	1	0	
256	33799	0				0	1	0	
256	34066	0				0	1	0	
256	34399	0				0	1	3	
256	34699	0				0	1	0	
256	35033	0				0	1	0	
256	35333	0				0	1	3	
256	35633	0				0	1	0	
0	36266	0				0	1	1	
256	36566	0				0	1	3	
256	36866	0				0	1	0	
128	37499	0				0	1	0	
256	37799	0				0	1	3	
521	38133	0				0	1	0	
521	38433	0				0	1	0	
521	38733	0				0	1	0	
256	39033	0				0	1	3	
0	39366	0				0	1	0	
256	39666	0				0	1	3	
256	39966	0				0	1	0	
256	40266	0	S		C2	0	1	0	
384	40599	0				0	1	5	
128	40899	0				0	1	5	
384	41199	0				0	1	5	
128	41499	0				0	1	5	
384	41833	0				0	1	5	
128	42133	0				0	1	5	
384	42433	0				0	1	5	
128	42733	0				0	1	5	
384	43066	0				0	1	5	
128	43366	0				0	1	5	
521	43699	0				0	1	0	
521	43966	0				0	1	0	
256	44299	0				0	1	3	
256	44599	0				0	1	0	
384	44933	0				0	1	0	
384	45233	0				0	1	0	
256	45533	0				0	1	3	
128	45833	0				0	1	5	
384	46166	0				0	1	5	
128	46466	0				0	1	5	
384	46766	0				0	1	5	
128	47399	0				0	1	5	
384	47699	0				0	1	5	
128	47999	0				0	1	5	
384	48333	0				0	1	0	
384	48633	0				0	1	0	
256	48933	0				0	1	3	
384	49266	0				0	1	0	
384	49566	0				0	1	0	
256	49866	0				0	1	3	
256	50166	0				0	1	0	
256	50499	0				0	1	3	
384	50799	0				0	1	5	
128	51099	0				0	1	5	
384	51399	0				0	1	5	
128	51733	0				0	1	5	
384	52033	0				0	1	5	
128	52333	0				0	1	5	
384	52633	0				0	1	5	
128	52966	0				0	1	5	
384	53266	0				0	1	5	
128	53566	0				0	1	5	
384	53866	0				0	1	5	
128	54199	0				0	1	5	
256	54833	0				0	1	0	
256	55133	0				0	1	1	
256	55433	0				0	1	3	
384	55733	0				0	1	5	
128	56066	0				0	1	5	
384	56366	0				0	1	5	
128	56666	0				0	1	5	
384	57299	0				0	1	0	
384	57599	0				0	1	0	
384	57899	0				0	1	0	
384	58233	0				0	1	0	
384	58533	0				0	1	0	
256	58833	0				0	1	3	
256	59133	0				0	1	0	
0	59466	0				0	1	0	
0	59766	0				0	1	0	
256	60066	0				0	1	3	
128	60399	0				0	1	0	
128	60699	0				0	1	0	
128	60999	0				0	1	0	
256	61299	0				0	1	3	
384	61633	0				0	1	0	
384	61933	0				0	1	0	
384	62233	0				0	1	5	
128	62533	0				0	1	5	
384	62866	0				0	1	5	
128	63166	0				0	1	5	
384	63466	0				0	1	5	
128	63766	0				0	1	5	
128	64099	0				0	1	0	
128	64399	0				0	1	0	
256	64699	0				0	1	3	
128	65033	0				0	1	0	
256	65333	0				0	1	3	
128	65633	0				0	1	5	
384	65933	0				0	1	5	
128	66233	0				0	1	5	
384	66566	0				0	1	5	
128	66866	0				0	1	5	
128	67199	0				0	1	0	
256	67499	0				0	1	3	
256	67799	0				0	1	0	
256	68099	0				0	1	0	
384	68433	0				0	1	0	
256	68733	0				0	1	3	
256	69033	0				0	1	0	
521	69666	0				0	1	0	
256	69966	0				0	1	3	
256	70599	0				0	1	0	
256	70899	0				0	1	0	
256	71199	0				0	1	3	
521	71533	0				0	1	0	
521	71833	0				0	1	0	
256	72133	0				0	1	3	
128	72433	0				0	1	5	
384	72766	0				0	1	5	
128	73066	0				0	1	5	
384	73366	0				0	1	5	
128	73666	0				0	1	5	
128	73999	0				0	1	0	
128	74299	0				0	1	0	
256	74599	0				0	1	3	
128	74899	0				0	1	5	
384	75233	0				0	1	5	
128	75533	0				0	1	5	
384	75833	0				0	1	5	
128	76133	0				0	1	5	
384	76466	0				0	1	5	
128	76766	0				0	1	5	
521	77099	0				0	1	4	
256	77399	0				0	1	3	
256	77699	0				0	1	0	
256	77999	0				0	1	0	
256	78333	0				0	1	0	
256	78633	0				0	1	3	
256	79099	0				0	1	3	
256	79566	0				0	1	0	
256	79866	0				0	1	3	
256	80166	0				0	1	0	
521	80799	0				0	1	0	
256	81099	0				0	1	3	
0	81733	0				0	1	0	
256	82033	0				0	1	3	
256	82333	0				0	1	1	
384	82666	0				0	1	5	
128	82966	0				0	1	5	
384	83266	0				0	1	5	
128	83566	0				0	1	5	
0	83899	0				0	1	0	
0	84199	0				0	1	0	
256	84499	0				0	1	3	
128	84799	0				0	1	5	
384	85133	0				0	1	5	
128	85433	0				0	1	5	
384	85733	0				0	1	5	
128	86033	0				0	1	5	
521	86366	0				0	1	0	
521	86666	0				0	1	0	
521	86966	0	S		C3	0	1	0	
384	87299	0				0	1	0	
256	87599	0				0	1	3	
256	87899	0				0	1	0	
256	88199	0				0	1	0	
256	88533	0				0	1	0	
256	88833	0				0	1	3	
256	89133	0				0	1	0	
521	89466	0				0	1	0	
256	89766	0				0	1	3	
256	90066	0				0	1	0	
256	90366	0				0	1	0	
0	90699	0				0	1	0	
256	90999	0				0	1	3	
256	91299	0				0	1	0	
521	91933	0				0	1	0	
256	92233	0				0	1	3	
0	92566	0				0	1	0	
0	92866	0				0	1	0	
0	93166	0				0	1	1	
256	93466	0				0	1	3	
384	93799	0				0	1	0	
384	94099	0				0	1	0	
256	94399	0				0	1	3	
128	94699	0				0	1	5	
384	95033	0				0	1	5	
128	95333	0				0	1	5	
384	95633	0				0	1	5	
128	95933	0				0	1	5	
0	96266	0				0	1	0	
0	96566	0				0	1	0	
256	96866	0				0	1	3	
256	97166	0				0	1	0	
521	97499	0				0	1	0	
256	97799	0				0	1	3	
256	98099	0				0	1	4	
256	98899	0				0	1	3	
256	99366	0				0	1	0	
256	99666	0				0	1	0	
256	99966	0				0	1	3	
384	100266	0				0	1	5	
128	100599	0				0	1	5	
384	100899	0				0	1	5	
128	101199	0				0	1	5	
384	101499	0				0	1	5	
128	101833	0				0	1	5	
384	102133	0				0	1	5	
128	102433	0				0	1	5	
0	102766	0				0	1	0	
0	103066	0				0	1	0	
256	103366	0				0	1	3	
384	103699	0				0	1	0	
384	103999	0				0	1	0	
256	104299	0				0	1	3	
256	104599	0				0	1	0	
256	104933	0				0	1	3	
384	105233	0				0	1	5	
128	105533	0				0	1	5	
384	105833	0				0	1	5	
128	106166	0				0	1	5	
384	106466	0				0	1	5	
128	106766	0				0	1	5	
384	107066	0				0	1	5	
128	107399	0				0	1	5	
384	107699	0				0	1	5	
128	107999	0				0	1	5	
384	108299	0				0	1	5	
128	108632	0				0	1	5	
128	109232	0				0	1	0	
384	109566	0				0	1	0	
256	109866	0				0	1	3	
256	110166	0				0	1	0	
128	110499	0				0	1	0	
128	110799	0				0	1	0	
256	111099	0				0	1	3	
256	111399	0				0	1	0	
256	111732	0				0	1	0	
256	112032	0				0	1	3	
256	112332	0				0	1	0	
128	112966	0				0	1	0	
256	113266	0				0	1	3	
256	113566	0				0	1	0	
256	114199	0				0	1	3	
256	114499	0				0	1	0	
256	114832	0				0	1	0	
256	115132	0				0	1	0	
256	115432	0				0	1	0	
256	115732	0				0	1	3	
521	116066	0				0	1	0	
521	116366	0				0	1	0	
384	116666	0				0	1	5	
128	116966	0				0	1	5	
384	117299	0				0	1	5	
128	117599	0				0	1	5	
384	117899	0				0	1	5	
128	118199	0				0	1	5	
128	118532	0				0	1	0	
128	118832	0				0	1	0	
128	119132	0				0	1	0	
384	119466	0				0	1	0	
256	119766	0				0	1	3	
256	120066	0				0	1	0	
256	120366	0				0	1	0	
384	120699	0				0	1	0	
256	120999	0				0	1	3	
256	121299	0				0	1	0	
384	121632	0				0	1	0	
256	121932	0				0	1	3	
256	122232	0				0	1	0	
256	122532	0				0	1	0	
384	122866	0				0	1	0	
256	123166	0				0	1	3	
256	123466	0				0	1	0	
384	124099	0				0	1	0	
256	124399	0				0	1	3	
0	125032	0				0	1	0	
0	125332	0				0	1	0	
256	125632	0				0	1	3	
521	125966	0				0	1	4	
521	126266	0				0	1	0	
384	126566	0				0	1	5	
128	126866	0				0	1	5	
384	127199	0				0	1	5	
128	127499	0				0	1	5	
384	127799	0				0	1	5	
128	128099	0				0	1	5	
128	128432	0				0	1	0	
128	128732	0				0	1	0	
384	129032	0				0	1	5	
128	129332	0				0	1	5	
384	129666	0				0	1	5	
128	129966	0				0	1	5	
384	130266	0				0	1	5	
128	130566	0				0	1	5	
384	130899	0				0	1	5	
128	131199	0				0	1	5	
521	131532	0				0	1	0	
521	131832	0				0	1	0	
256	132132	0				0	1	3	
256	132432	0				0	1	0	
256	132766	0				0	1	0	
256	133066	0				0	1	3	
256	133366	0				0	1	0	
384	133999	0				0	1	0	
256	134299	0				0	1	3	
256	134599	0				0	1	0	
0	134932	0				0	1	0	
0	135232	0				0	1	0	
256	135532	0				0	1	3	
256	135832	0				0	1	0	
384	136166	0				0	1	0	
256	136466	0				0	1	3	
256	136766	0				0	1	0	
0	137099	0				0	1	0	
0	137399	0				0	1	0	
256	137699	0				0	1	3	
256	137999	0				0	1	0	
384	138332	0	S		C1	0	1	0	
