音轨（1左2右）	开始时间	结束时间	道具	触发条件	触发事件	音效0是第一个	音量0-0.7的值可两位小数	0是打击点	音效点需要播的音效名字
Line	StartTime	EndTime	Item	Condition	Action	SoundEffects	Volume	IsHit	Gunbolt
384	1133	0				0	1	0	
128	1499	0				0	1	0	
384	1866	0				0	1	0	
128	2499	0				0	1	0	
256	2999	0				0	1	3	
0	3366	0				0	1	0	
256	3733	0				0	1	0	
0	4133	0				0	1	0	
256	4499	0				0	1	3	
128	4866	0				0	1	1	
521	5233	0				0	1	0	
521	5599	0				0	1	0	
521	5999	0				0	1	0	
0	6366	0				0	1	0	
128	6733	0				0	1	0	
256	7133	0				0	1	3	
256	7499	0				0	1	0	
256	7866	0				0	1	3	
0	8233	0				0	1	0	
521	8633	0				0	1	0	
256	8999	0				0	1	3	
384	9366	0				0	1	0	
0	9733	0				0	1	0	
128	10133	0				0	1	0	
256	10499	0				0	1	3	
128	10899	0				0	1	0	
384	11266	0				0	1	0	
128	11633	0				0	1	0	
256	11999	0				0	1	3	
521	12399	0				0	1	0	
0	12733	0				0	1	0	
256	13133	0				0	1	3	
256	13499	0				0	1	0	
256	13866	0				0	1	3	
0	14633	0				0	1	0	
256	14999	0				0	1	0	
256	15366	0				0	1	3	
521	15766	0				0	1	0	
0	16133	0				0	1	0	
256	16499	0				0	1	3	
256	17266	0				0	1	0	
0	17633	0				0	1	0	
256	17999	0				0	1	3	
256	18366	0				0	1	0	
256	19133	0				0	1	3	
521	19499	0				0	1	0	
384	19866	0				0	1	0	
0	20233	0				0	1	0	
256	20633	0				0	1	0	
256	20999	0				0	1	3	
256	21733	0				0	1	0	
256	22133	0				0	1	3	
256	22499	0				0	1	0	
256	22866	0				0	1	0	
256	23266	0				0	1	0	
521	23633	0				0	1	0	
256	23999	0				0	1	4	
0	24399	0				0	1	0	
0	24766	0				0	1	0	
256	25133	0				0	1	3	
128	25499	0				0	1	0	
256	25866	0				0	1	3	
0	26233	0				0	1	0	
521	26633	0				0	1	0	
128	26999	0				0	1	0	
256	27366	0				0	1	3	
256	27766	0				0	1	0	
256	28133	0				0	1	3	
128	28499	0				0	1	0	
256	28866	0				0	1	3	
521	29266	0				0	1	0	
128	29633	0				0	1	0	
256	30366	0				0	1	3	
384	30733	0				0	1	0	
521	31133	0				0	1	0	
256	31866	0				0	1	3	
0	32233	0				0	1	0	
128	32633	0				0	1	0	
256	32999	0				0	1	3	
521	33366	0				0	1	0	
0	33733	0				0	1	0	
128	34133	0				0	1	0	
521	34499	0				0	1	0	
256	34866	0				0	1	3	
128	35233	0				0	1	0	
128	35633	0				0	1	0	
0	35999	0				0	1	0	
256	36366	0				0	1	0	
256	36733	0				0	1	3	
521	37133	0				0	1	0	
384	37499	0				0	1	0	
256	37866	0				0	1	3	
0	38266	0				0	1	0	
256	38633	0				0	1	3	
521	38966	0				0	1	0	
384	39399	0				0	1	0	
384	39766	0				0	1	0	
0	40133	0				0	1	0	
521	40499	0				0	1	0	
256	40866	0				0	1	0	
128	41266	0	S		C2	0	1	0	
0	41633	0				0	1	0	
256	41999	0				0	1	3	
128	42366	0				0	1	0	
521	42733	0				0	1	0	
256	43133	0				0	1	3	
0	43499	0				0	1	0	
256	43866	0				0	1	3	
256	44266	0				0	1	0	
256	44633	0				0	1	3	
256	44999	0				0	1	0	
256	45366	0				0	1	3	
128	45733	0				0	1	0	
128	46099	0				0	1	0	
128	46366	0				0	1	0	
521	46899	0				0	1	0	
128	47233	0				0	1	0	
256	47499	0				0	1	3	
0	48066	0				0	1	0	
521	48399	0				0	1	0	
384	48733	0				0	1	0	
256	49133	0				0	1	3	
0	49499	0				0	1	0	
0	49866	0				0	1	0	
0	50633	0				0	1	0	
128	50999	0				0	1	0	
256	51366	0				0	1	3	
0	51733	0				0	1	0	
384	52133	0				0	1	0	
256	52499	0				0	1	3	
0	52866	0				0	1	0	
521	53233	0				0	1	0	
256	53633	0				0	1	3	
128	53999	0				0	1	0	
521	54366	0				0	1	0	
256	55133	0				0	1	3	
0	55499	0				0	1	0	
256	55866	0				0	1	3	
521	56633	0				0	1	0	
256	56999	0				0	1	3	
0	57366	0				0	1	0	
256	57733	0				0	1	0	
0	58133	0				0	1	0	
521	58499	0				0	1	0	
256	58866	0				0	1	3	
521	59266	0				0	1	0	
384	59633	0				0	1	0	
384	59999	0				0	1	0	
256	60366	0				0	1	0	
384	60733	0				0	1	0	
128	61133	0				0	1	0	
256	61499	0				0	1	3	
521	61866	0				0	1	0	
384	62233	0				0	1	0	
384	62633	0				0	1	0	
256	62999	0				0	1	3	
0	63366	0				0	1	0	
128	63733	0				0	1	0	
0	64133	0				0	1	0	
256	64499	0				0	1	3	
128	64899	0				0	1	0	
128	65266	0				0	1	0	
256	65633	0				0	1	3	
256	65999	0				0	1	0	
256	66366	0				0	1	0	
384	66733	0				0	1	0	
256	67099	0				0	1	3	
0	67499	0				0	1	0	
256	67866	0				0	1	3	
256	68233	0				0	1	0	
256	68633	0				0	1	0	
0	68999	0				0	1	0	
521	69366	0				0	1	0	
521	69733	0				0	1	1	
128	70133	0				0	1	0	
384	70499	0				0	1	0	
256	70866	0				0	1	3	
128	71266	0				0	1	0	
256	71599	0				0	1	3	
0	71999	0				0	1	1	
0	72733	0				0	1	0	
256	73133	0				0	1	0	
256	73499	0				0	1	3	
0	73866	0				0	1	0	
0	74266	0				0	1	0	
256	74633	0				0	1	0	
128	74999	0				0	1	0	
256	75366	0				0	1	3	
128	75733	0				0	1	0	
128	76133	0				0	1	0	
256	76499	0				0	1	3	
0	76866	0				0	1	0	
521	77233	0				0	1	0	
521	77633	0				0	1	0	
128	77999	0				0	1	0	
256	78399	0				0	1	0	
0	78733	0				0	1	0	
256	79099	0				0	1	3	
384	79499	0				0	1	0	
521	79866	0				0	1	0	
521	80266	0				0	1	0	
256	80633	0				0	1	3	
256	80999	0				0	1	0	
256	81366	0				0	1	3	
384	81733	0				0	1	4	
256	82133	0				0	1	0	
256	82499	0	S		C3	0	1	3	
0	82866	0				0	1	1	
256	83266	0				0	1	0	
256	83633	0				0	1	0	
256	84233	0				0	1	0	
521	84733	0				0	1	0	
128	85133	0				0	1	0	
521	85499	0				0	1	0	
521	85866	0				0	1	0	
256	86266	0				0	1	3	
384	86633	0				0	1	0	
256	86999	0				0	1	3	
0	87366	0				0	1	0	
384	87766	0				0	1	0	
256	88133	0				0	1	3	
0	88499	0				0	1	0	
256	88866	0				0	1	3	
128	89233	0				0	1	0	
128	89499	0				0	1	0	
256	89999	0				0	1	3	
384	90366	0				0	1	0	
521	90766	0				0	1	0	
256	91133	0				0	1	3	
128	91499	0				0	1	0	
256	91866	0				0	1	3	
0	92266	0				0	1	0	
256	92633	0				0	1	3	
521	92999	0				0	1	0	
256	93366	0				0	1	3	
128	93733	0				0	1	0	
256	94133	0				0	1	3	
384	94499	0				0	1	0	
256	94866	0				0	1	3	
128	95266	0				0	1	0	
256	95999	0				0	1	0	
256	96366	0				0	1	0	
128	96733	0				0	1	0	
256	97133	0				0	1	3	
521	97499	0				0	1	0	
256	97866	0				0	1	3	
384	98266	0				0	1	0	
521	98633	0				0	1	0	
256	98999	0				0	1	3	
128	99366	0				0	1	0	
256	99766	0				0	1	0	
521	100133	0				0	1	0	
521	100499	0				0	1	0	
256	100866	0				0	1	3	
0	101266	0				0	1	0	
128	101633	0				0	1	0	
128	101933	0				0	1	0	
384	102366	0				0	1	0	
256	103133	0				0	1	3	
256	103866	0				0	1	3	
256	104266	0				0	1	0	
256	104633	0				0	1	3	
384	104999	0				0	1	0	
256	105366	0				0	1	3	
256	105733	0				0	1	0	
256	106133	0				0	1	3	
0	106499	0				0	1	0	
384	106866	0				0	1	0	
128	107499	0				0	1	0	
128	107999	0				0	1	0	
256	108366	0				0	1	0	
256	109133	0				0	1	3	
521	109499	0				0	1	0	
256	109866	0				0	1	3	
384	110633	0				0	1	0	
256	110999	0				0	1	0	
256	111366	0				0	1	3	
521	111733	0				0	1	0	
384	112133	0				0	1	0	
256	112499	0				0	1	3	
128	112866	0				0	1	0	
256	113233	0				0	1	0	
384	113633	0				0	1	0	
256	113999	0				0	1	0	
128	114399	0				0	1	0	
128	114699	0				0	1	0	
256	115133	0				0	1	3	
384	115499	0				0	1	0	
128	115866	0				0	1	0	
256	116266	0				0	1	0	
256	116999	0				0	1	3	
384	117366	0				0	1	0	
256	117733	0				0	1	3	
256	117999	0				0	1	0	
128	118499	0				0	1	0	
256	118866	0				0	1	3	
256	119266	0				0	1	0	
256	119633	0				0	1	3	
521	120366	0				0	1	0	
0	120733	0				0	1	0	
256	121133	0				0	1	3	
256	121499	0				0	1	0	
256	121866	0				0	1	3	
521	122233	0				0	1	0	
128	122633	0				0	1	0	
256	122999	0				0	1	3	
128	123366	0				0	1	0	
384	123733	0				0	1	0	
384	124499	0				0	1	0	
256	124866	0				0	1	3	
521	125233	0				0	1	0	
384	125633	0				0	1	0	
256	125999	0				0	1	0	
384	126733	0				0	1	0	
256	127133	0				0	1	3	
521	127499	0				0	1	0	
521	127866	0				0	1	0	
0	128233	0				0	1	0	
521	128633	0				0	1	0	
256	128999	0				0	1	3	
0	129733	0				0	1	0	
0	130133	0				0	1	0	
0	130499	0				0	1	0	
128	130866	0				0	1	0	
0	131266	0				0	1	0	
384	131633	0	S		C1	0	1	0	
