音轨（1左2右）	开始时间	结束时间	道具	触发条件	触发事件	音效0是第一个	音量0-0.7的值可两位小数	0是打击点	音效点需要播的音效名字
Line	StartTime	EndTime	Item	Condition	Action	SoundEffects	Volume	IsHit	Gunbolt
384	1233	0				0	1	0	
384	1633	0				0	1	0	
384	2199	0				0	1	0	
384	2799	0				0	1	0	
256	3166	0				0	1	0	
384	3566	0				0	1	0	
256	4333	0				0	1	0	
128	5299	0				0	1	0	
521	5866	0				0	1	0	
521	6833	0				0	1	0	
384	7433	0				0	1	0	
0	8399	0				0	1	0	
128	8966	0				0	1	0	
521	9366	0				0	1	0	
521	9933	0				0	1	0	
521	10533	0				0	1	1	
384	10899	0				0	1	0	
521	11499	0				0	1	0	
0	12099	0				0	1	0	
256	12466	0				0	1	3	
384	13033	0				0	1	0	
256	13633	0				0	1	0	
256	13999	0				0	1	0	
256	14399	0				0	1	3	
256	15166	0				0	1	0	
128	15566	0				0	1	0	
256	16133	0				0	1	3	
521	16733	0				0	1	0	
521	16999	0				0	1	0	
256	17499	0				0	1	3	
256	17866	0				0	1	0	
256	18266	0				0	1	3	
256	19233	0				0	1	3	
256	20599	0				0	1	3	
256	21166	0				0	1	3	
256	21566	0				0	1	0	
256	22333	0				0	1	3	
521	22899	0				0	1	0	
128	23299	0				0	1	0	
256	23699	0				0	1	3	
521	24066	0				0	1	0	
256	24833	0				0	1	3	
256	25433	0				0	1	3	
256	25999	0				0	1	3	
128	26399	0				0	1	0	
521	26766	0				0	1	0	
256	27166	0				0	1	3	
384	27933	0				0	1	0	
256	28533	0				0	1	3	
0	29099	0				0	1	0	
0	29399	0				0	1	0	
256	29866	0				0	1	3	
521	30266	0				0	1	0	
521	30666	0				0	1	0	
256	31033	0				0	1	0	
256	31633	0				0	1	3	
128	32199	0				0	1	0	
256	33366	0				0	1	3	
0	33766	0				0	1	0	
521	34133	0				0	1	0	
0	34733	0				0	1	0	
256	35299	0				0	1	3	
521	35699	0				0	1	0	
384	36266	0				0	1	0	
256	36666	0				0	1	0	
256	37233	0				0	1	3	
0	37633	0				0	1	0	
521	38399	0				0	1	0	
256	39166	0				0	1	3	
256	39566	0				0	1	0	
256	40333	0				0	1	3	
256	40733	0				0	1	0	
521	41499	0				0	1	0	
256	42266	0				0	1	3	
128	42666	0				0	1	0	
256	43033	0				0	1	3	
128	43433	0				0	1	0	
256	43999	0				0	1	3	
128	44599	0				0	1	0	
256	45366	0				0	1	3	
521	46133	0				0	1	0	
521	46533	0				0	1	0	
256	47099	0				0	1	3	
256	47699	0				0	1	0	
256	48066	0	S		C2	0	1	0	
256	48666	0				0	1	3	
384	49233	0				0	1	0	
0	49633	0				0	1	0	
256	50199	0				0	1	0	
384	50799	0				0	1	0	
256	51566	0				0	1	3	
256	52133	0				0	1	3	
256	53299	0				0	1	3	
128	53899	0				0	1	0	
128	54266	0				0	1	0	
256	54666	0				0	1	3	
128	55033	0				0	1	0	
256	55433	0				0	1	3	
256	56399	0				0	1	3	
384	56966	0				0	1	0	
384	57333	0				0	1	0	
256	57733	0				0	1	3	
521	58133	0				0	1	0	
0	58533	0				0	1	0	
256	59499	0				0	1	3	
0	60066	0				0	1	0	
0	60466	0				0	1	1	
256	61033	0				0	1	3	
521	61633	0				0	1	0	
256	61999	0				0	1	0	
384	62599	0				0	1	0	
384	63499	0				0	1	0	
521	63933	0				0	1	0	
256	64333	0				0	1	3	
256	65099	0				0	1	3	
128	65699	0				0	1	0	
256	66266	0				0	1	0	
256	66666	0				0	1	0	
384	67033	0				0	1	0	
128	67433	0				0	1	0	
521	67799	0				0	1	0	
256	68766	0				0	1	3	
128	69366	0				0	1	0	
128	69733	0				0	1	0	
256	70133	0				0	1	3	
128	70533	0				0	1	0	
128	71099	0				0	1	0	
256	71866	0				0	1	3	
256	72466	0				0	1	0	
256	73233	0				0	1	3	
256	73633	0				0	1	0	
256	73999	0				0	1	3	
128	74399	0				0	1	0	
256	74966	0				0	1	3	
128	75566	0				0	1	0	
128	75933	0				0	1	0	
256	76333	0				0	1	3	
256	77499	0				0	1	0	
0	77866	0				0	1	0	
256	78266	0				0	1	3	
0	78666	0				0	1	0	
256	79033	0				0	1	3	
521	79433	0				0	1	0	
0	79799	0				0	1	0	
384	80199	0				0	1	0	
256	80599	0				0	1	3	
256	80899	0				0	1	0	
256	81166	0				0	1	3	
256	82333	0				0	1	3	
0	82899	0				0	1	0	
256	83299	0				0	1	3	
384	83699	0				0	1	0	
256	84466	0				0	1	3	
384	84833	0				0	1	0	
256	85233	0				0	1	3	
384	85633	0				0	1	0	
521	86399	0				0	1	0	
256	86799	0				0	1	3	
256	87366	0				0	1	3	
521	87966	0				0	1	0	
521	88733	0				0	1	0	
256	89499	0				0	1	3	
384	89866	0				0	1	0	
256	90466	0				0	1	3	
384	91033	0				0	1	0	
521	91433	0				0	1	0	
256	91799	0				0	1	3	
256	92199	0				0	1	1	
256	92599	0				0	1	3	
521	92966	0				0	1	0	
256	93566	0				0	1	3	
384	94133	0				0	1	1	
521	94499	0				0	1	0	
256	94899	0				0	1	3	
128	95299	0				0	1	0	
256	96666	0	S		C3	0	1	3	
384	97233	0				0	1	0	
256	97633	0				0	1	0	
256	98199	0				0	1	3	
128	98766	0				0	1	0	
256	99166	0				0	1	3	
384	99566	0				0	1	0	
0	100333	0				0	1	0	
0	100733	0				0	1	4	
256	101099	0				0	1	3	
521	101499	0				0	1	0	
256	102266	0				0	1	3	
128	102666	0				0	1	0	
256	103033	0				0	1	3	
384	103433	0				0	1	0	
0	103833	0				0	1	0	
256	104199	0				0	1	3	
128	104599	0				0	1	0	
256	104966	0				0	1	3	
521	105366	0				0	1	0	
256	105933	0				0	1	3	
128	106533	0				0	1	0	
128	106899	0				0	1	4	
256	107299	0				0	1	3	
384	107699	0				0	1	0	
256	108466	0				0	1	0	
256	109033	0				0	1	0	
256	109633	0				0	1	3	
521	109999	0				0	1	0	
256	110599	0				0	1	3	
384	111199	0				0	1	0	
256	111566	0				0	1	3	
128	112333	0				0	1	0	
128	113099	0				0	1	0	
256	113499	0				0	1	3	
256	113866	0				0	1	0	
256	114266	0				0	1	3	
256	114666	0				0	1	0	
256	115433	0				0	1	3	
256	116599	0				0	1	3	
128	117366	0				0	1	0	
384	117733	0				0	1	0	
384	118133	0				0	1	0	
256	118533	0				0	1	3	
384	119299	0				0	1	0	
256	119699	0				0	1	3	
128	120066	0				0	1	0	
256	120466	0				0	1	3	
384	120833	0				0	1	0	
0	121633	0				0	1	0	
256	121999	0				0	1	3	
256	122599	0				0	1	3	
256	123166	0				0	1	0	
256	123566	0				0	1	3	
0	124333	0				0	1	0	
256	124733	0				0	1	3	
128	125499	0				0	1	0	
384	125866	0				0	1	0	
256	126266	0				0	1	3	
521	126666	0				0	1	0	
256	127033	0				0	1	3	
384	127433	0				0	1	0	
128	127799	0				0	1	0	
0	128599	0				0	1	0	
256	128966	0				0	1	3	
521	129366	0				0	1	0	
256	130133	0				0	1	3	
0	130533	0				0	1	4	
256	130899	0				0	1	3	
256	131499	0				0	1	0	
256	132066	0				0	1	3	
521	132466	0				0	1	0	
128	132833	0				0	1	0	
256	133233	0				0	1	3	
256	133799	0				0	1	3	
384	134399	0				0	1	0	
128	135166	0				0	1	0	
256	135566	0				0	1	3	
384	135933	0				0	1	0	
384	136233	0				0	1	0	
256	137099	0				0	1	3	
128	137499	0				0	1	0	
384	137866	0				0	1	0	
256	138266	0				0	1	3	
521	138666	0				0	1	0	
256	139033	0				0	1	3	
128	139433	0				0	1	4	
0	139833	0				0	1	1	
256	140199	0				0	1	3	
384	140599	0				0	1	0	
256	141366	0				0	1	3	
384	141766	0				0	1	0	
256	142133	0				0	1	3	
256	142533	0				0	1	0	
0	142933	0				0	1	0	
256	143299	0				0	1	3	
521	143699	0				0	1	0	
256	144466	0				0	1	3	
128	144833	0				0	1	0	
521	145233	0				0	1	0	
128	145633	0				0	1	0	
256	146399	0				0	1	3	
521	146766	0				0	1	0	
256	147366	0				0	1	3	
384	147933	0				0	1	0	
256	148333	0				0	1	3	
256	148633	0				0	1	0	
256	149099	0				0	1	0	
521	149499	0				0	1	0	
256	149899	0				0	1	0	
0	150266	0				0	1	0	
521	150666	0				0	1	0	
384	151033	0				0	1	0	
384	151433	0				0	1	0	
384	151833	0				0	1	0	
521	152199	0				0	1	0	
256	152599	0				0	1	3	
384	152999	0				0	1	0	
128	153366	0				0	1	0	
521	153766	0				0	1	0	
128	154133	0				0	1	0	
256	155299	0				0	1	0	
256	155699	0				0	1	3	
0	156433	0				0	1	0	
521	156833	0				0	1	0	
256	157233	0				0	1	3	
128	157999	0				0	1	0	
256	158766	0				0	1	0	
521	159166	0	S		C1	0	1	0	
