音轨（1左2右）	开始时间	结束时间	道具	触发条件	触发事件	音效0是第一个	音量0-0.7的值可两位小数	0是打击点	音效点需要播的音效名字
Line	StartTime	EndTime	Item	Condition	Action	SoundEffects	Volume	IsHit	Gunbolt
0	1233	0				0	1	0	
0	1533	0				0	1	0	
128	2299	0				0	1	0	
256	2599	0				0	1	3	
0	2933	0				0	1	0	
256	3233	0				0	1	3	
0	3666	0				0	1	0	
0	3999	0				0	1	0	
256	4433	0				0	1	0	
256	5066	0				0	1	3	
256	5366	0				0	1	0	
256	5666	0				0	1	0	
384	6133	0				0	1	5	
128	6433	0				0	1	5	
384	6899	0				0	1	5	
128	7199	0				0	1	5	
384	7499	0				0	1	5	
128	7799	0				0	1	5	
128	8133	0				0	1	0	
256	8566	0				0	1	3	
521	8899	0				0	1	0	
256	9333	0				0	1	3	
256	9666	0				0	1	0	
256	9966	0				0	1	0	
384	10266	0				0	1	5	
128	10566	0				0	1	5	
384	10866	0				0	1	5	
128	11333	0				0	1	5	
521	11799	0				0	1	0	
521	12099	0				0	1	0	
256	12399	0				0	1	3	
521	12999	0				0	1	0	
256	13333	0				0	1	3	
256	13766	0				0	1	3	
0	14233	0				0	1	0	
0	14533	0				0	1	0	
0	14833	0				0	1	0	
128	15166	0				0	1	0	
256	15466	0				0	1	3	
256	15766	0				0	1	0	
384	16233	0				0	1	0	
128	16999	0				0	1	0	
256	17299	0				0	1	3	
256	17599	0				0	1	0	
256	17899	0				0	1	0	
256	18233	0				0	1	3	
0	18666	0				0	1	0	
256	19733	0				0	1	3	
128	20366	0				0	1	0	
256	20833	0				0	1	3	
256	21133	0				0	1	0	
256	21733	0				0	1	3	
521	22199	0				0	1	0	
521	22499	0				0	1	0	
384	22833	0				0	1	0	
256	23266	0				0	1	3	
256	23566	0				0	1	0	
256	24199	0				0	1	3	
384	24666	0				0	1	0	
256	24966	0				0	1	3	
256	25266	0				0	1	0	
256	25733	0				0	1	3	
128	26033	0				0	1	5	
384	26499	0				0	1	5	
128	26799	0				0	1	5	
384	27099	0				0	1	5	
128	27399	0				0	1	5	
0	27733	0				0	1	0	
384	28166	0				0	1	0	
384	28466	0				0	1	0	
384	28933	0				0	1	0	
256	29233	0				0	1	3	
256	29533	0				0	1	0	
521	29866	0				0	1	0	
521	30166	0				0	1	0	
256	30466	0				0	1	3	
128	30933	0				0	1	0	
128	31233	0				0	1	1	
128	31666	0				0	1	0	
256	31999	0				0	1	3	
256	32299	0				0	1	0	
256	32599	0				0	1	3	
256	33066	0				0	1	3	
256	33366	0				0	1	0	
128	33833	0				0	1	0	
256	34133	0				0	1	3	
256	34433	0				0	1	0	
256	34733	0				0	1	0	
521	35066	0				0	1	0	
256	35366	0				0	1	3	
128	35799	0				0	1	0	
521	36133	0				0	1	0	
256	36899	0				0	1	3	
521	37499	0				0	1	0	
521	37799	0				0	1	0	
256	38266	0				0	1	3	
256	39033	0				0	1	3	
256	39999	0				0	1	0	
256	40266	0				0	1	0	
256	41799	0				0	1	0	
0	42133	0	S		C2	0	1	0	
256	43799	0				0	1	0	
256	44266	0				0	1	3	
256	44566	0				0	1	0	
256	44899	0				0	1	0	
521	45333	0				0	1	0	
256	45633	0				0	1	3	
521	46099	0				0	1	1	
521	46699	0				0	1	0	
0	47333	0				0	1	0	
0	47766	0				0	1	0	
256	48099	0				0	1	0	
256	48533	0				0	1	0	
0	49166	0				0	1	0	
256	49466	0				0	1	3	
256	50066	0				0	1	0	
256	50366	0				0	1	0	
521	51899	0				0	1	0	
256	53733	0				0	1	3	
128	54666	0				0	1	0	
128	54966	0				0	1	0	
521	55433	0				0	1	0	
256	56166	0				0	1	3	
384	56799	0				0	1	0	
128	57399	0				0	1	0	
521	57866	0				0	1	0	
128	58333	0				0	1	0	
128	58633	0				0	1	0	
128	58933	0				0	1	0	
256	59466	0				0	1	0	
0	59899	0				0	1	0	
256	60466	0				0	1	3	
256	60766	0				0	1	0	
256	61233	0				0	1	3	
256	61533	0				0	1	0	
128	61999	0				0	1	0	
384	62299	0				0	1	5	
128	62599	0				0	1	5	
384	62933	0				0	1	5	
128	63233	0				0	1	5	
128	63666	0				0	1	0	
128	64433	0				0	1	0	
384	64766	0				0	1	0	
256	65066	0				0	1	3	
384	65366	0				0	1	5	
128	65666	0				0	1	5	
384	66133	0				0	1	5	
128	66433	0				0	1	5	
256	66899	0				0	1	0	
256	67199	0				0	1	0	
256	67499	0				0	1	3	
256	67799	0				0	1	0	
256	68133	0				0	1	0	
256	68599	0				0	1	3	
256	68899	0				0	1	0	
384	69333	0				0	1	0	
256	69632	0				0	1	3	
384	69966	0				0	1	0	
384	70266	0				0	1	0	
256	70566	0				0	1	3	
521	71032	0				0	1	1	
256	71332	0				0	1	3	
384	71799	0				0	1	0	
384	72099	0				0	1	0	
256	72399	0				0	1	3	
128	72699	0				0	1	5	
384	72999	0				0	1	5	
128	73466	0				0	1	5	
384	73766	0				0	1	5	
128	74532	0				0	1	5	
256	75166	0				0	1	0	
256	75466	0				0	1	3	
256	75766	0				0	1	0	
256	76232	0				0	1	3	
0	76999	0				0	1	0	
256	77299	0				0	1	3	
256	77599	0				0	1	0	
256	77899	0				0	1	3	
0	78666	0				0	1	0	
384	79132	0				0	1	0	
256	79766	0				0	1	3	
256	80499	0				0	1	0	
256	80799	0				0	1	0	
521	81132	0				0	1	0	
256	81899	0				0	1	0	
256	82199	0				0	1	0	
521	82799	0				0	1	0	
256	83266	0				0	1	3	
521	83599	0	S		C3	0	1	0	
256	84966	0				0	1	0	
256	85266	0				0	1	3	
0	86532	0				0	1	0	
256	86799	0				0	1	3	
256	87099	0				0	1	0	
256	87732	0				0	1	0	
256	88166	0				0	1	3	
256	88466	0				0	1	0	
521	89399	0				0	1	0	
521	89666	0				0	1	0	
256	90166	0				0	1	3	
256	90466	0				0	1	0	
256	90932	0				0	1	3	
521	91699	0				0	1	0	
521	91999	0				0	1	0	
256	92299	0				0	1	3	
256	92599	0				0	1	0	
521	93366	0				0	1	1	
128	94132	0				0	1	0	
256	95066	0				0	1	3	
256	95532	0				0	1	3	
256	95832	0				0	1	0	
128	96599	0				0	1	0	
256	96899	0				0	1	3	
256	97199	0				0	1	0	
256	97499	0				0	1	3	
521	98266	0				0	1	0	
384	98732	0				0	1	5	
128	99032	0				0	1	5	
384	99332	0				0	1	5	
128	99632	0				0	1	5	
384	99966	0				0	1	0	
256	100266	0				0	1	3	
0	100732	0				0	1	0	
0	101032	0				0	1	0	
384	101499	0				0	1	0	
256	101799	0				0	1	3	
256	102099	0				0	1	0	
256	102399	0				0	1	3	
384	102866	0				0	1	0	
384	103166	0				0	1	0	
384	103632	0				0	1	0	
256	103932	0				0	1	3	
256	104232	0				0	1	0	
256	104532	0				0	1	0	
128	104866	0				0	1	0	
256	105166	0				0	1	3	
256	106399	0				0	1	0	
256	106699	0				0	1	3	
256	106999	0				0	1	0	
256	107299	0				0	1	3	
256	107599	0				0	1	0	
256	108066	0				0	1	3	
128	108532	0				0	1	0	
128	108832	0				0	1	0	
256	109132	0				0	1	3	
256	109766	0				0	1	0	
0	111299	0				0	1	0	
384	111899	0				0	1	0	
128	112332	0				0	1	0	
521	113332	0				0	1	0	
256	113599	0				0	1	3	
521	114066	0				0	1	0	
384	114666	0				0	1	0	
384	114966	0				0	1	0	
128	115999	0				0	1	0	
128	116532	0				0	1	0	
256	116866	0				0	1	3	
128	117299	0				0	1	0	
128	117566	0				0	1	0	
256	119232	0				0	1	3	
256	119732	0				0	1	3	
128	121032	0				0	1	0	
0	121699	0				0	1	0	
256	122299	0				0	1	0	
256	122632	0				0	1	3	
256	122899	0				0	1	0	
521	123532	0				0	1	0	
521	123832	0				0	1	0	
256	124566	0				0	1	3	
0	125199	0				0	1	0	
521	126299	0				0	1	0	
521	126599	0				0	1	4	
256	126899	0				0	1	3	
256	127199	0				0	1	0	
256	127666	0				0	1	3	
521	128132	0				0	1	0	
256	128432	0				0	1	3	
521	128899	0				0	1	0	
0	129232	0				0	1	0	
521	130266	0				0	1	0	
256	130566	0				0	1	3	
256	130866	0				0	1	0	
256	131332	0				0	1	3	
0	132099	0				0	1	0	
256	132399	0				0	1	3	
256	132699	0				0	1	0	
256	132999	0				0	1	0	
256	133332	0				0	1	3	
128	133766	0				0	1	0	
128	134232	0				0	1	0	
256	134532	0				0	1	3	
128	135166	0				0	1	0	
256	135466	0				0	1	3	
256	135766	0				0	1	0	
521	136232	0				0	1	0	
256	136999	0				0	1	0	
256	137299	0				0	1	3	
256	137599	0				0	1	0	
256	137899	0				0	1	0	
256	138232	0				0	1	0	
0	138666	0				0	1	0	
384	139132	0				0	1	0	
384	139432	0	S		C1	0	1	0	
