音轨（1左2右）	开始时间	结束时间	道具	触发条件	触发事件	音效0是第一个	音量0-0.7的值可两位小数	0是打击点	音效点需要播的音效名字
Line	StartTime	EndTime	Item	Condition	Action	SoundEffects	Volume	IsHit	Gunbolt
256	1099	0				0	1	0	
256	1366	0				0	1	0	
0	3099	0				0	1	0	
384	5899	0				0	1	0	
384	6166	0				0	1	0	
384	6466	0				0	1	0	
521	7699	0				0	1	0	
128	10233	0				0	1	0	
128	10499	0				0	1	0	
0	11666	0				0	1	0	
0	12199	0				0	1	0	
0	13966	0				0	1	0	
256	15099	0				0	1	0	
0	15699	0				0	1	0	
128	18233	0				0	1	0	
128	19399	0				0	1	0	
128	19666	0				0	1	0	
0	20266	0				0	1	0	
384	20833	0				0	1	0	
384	21433	0				0	1	0	
384	24166	0				0	1	0	
256	24766	0				0	1	0	
256	26166	0				0	1	0	
521	28799	0				0	1	0	
384	30533	0				0	1	0	
0	33566	0				0	1	0	
0	33866	0				0	1	0	
128	35099	0				0	1	0	
128	36199	0				0	1	0	
256	37099	0				0	1	0	
256	37699	0				0	1	0	
0	38266	0				0	1	0	
256	38633	0				0	1	3	
0	39233	0				0	1	0	
256	39633	0				0	1	3	
256	39899	0				0	1	0	
384	41066	0				0	1	0	
384	41366	0				0	1	0	
256	41933	0				0	1	3	
256	42199	0				0	1	1	
521	42666	0				0	1	0	
384	43033	0				0	1	0	
256	43366	0				0	1	3	
128	43799	0				0	1	1	
256	44466	0				0	1	3	
128	45666	0				0	1	0	
128	45933	0				0	1	5	
384	46233	0				0	1	5	
128	46499	0				0	1	5	
384	46766	0				0	1	5	
128	47066	0				0	1	5	
384	47366	0				0	1	5	
128	47933	0				0	1	5	
256	48366	0				0	1	0	
384	48766	0				0	1	0	
256	49066	0				0	1	3	
384	49533	0				0	1	0	
0	50233	0				0	1	0	
0	50499	0				0	1	0	
384	51366	0				0	1	0	
256	52499	0				0	1	3	
521	52933	0				0	1	0	
256	53366	0				0	1	3	
256	53633	0				0	1	0	
0	54066	0				0	1	0	
0	54433	0				0	1	0	
256	54799	0				0	1	3	
128	55066	0				0	1	5	
384	55366	0				0	1	5	
128	55633	0				0	1	5	
384	55899	0				0	1	5	
128	56199	0				0	1	5	
384	56499	0				0	1	5	
128	57066	0				0	1	5	
256	57633	0	S		C2	0	1	0	
256	57933	0				0	1	0	
256	58199	0				0	1	3	
256	58766	0				0	1	0	
521	59366	0				0	1	0	
256	59633	0				0	1	3	
256	59933	0				0	1	0	
256	60466	0				0	1	3	
256	60799	0				0	1	0	
256	61633	0				0	1	3	
256	62066	0				0	1	0	
0	62499	0				0	1	0	
256	62766	0				0	1	3	
384	63366	0				0	1	0	
256	63933	0				0	1	3	
256	64199	0				0	1	0	
256	64499	0				0	1	3	
256	64799	0				0	1	0	
128	65066	0				0	1	5	
384	65366	0				0	1	5	
128	65666	0				0	1	5	
384	66199	0				0	1	5	
128	66499	0				0	1	5	
384	67066	0				0	1	5	
128	67366	0				0	1	5	
384	67933	0				0	1	0	
384	68199	0				0	1	0	
128	68499	0				0	1	5	
384	68766	0				0	1	5	
128	69066	0				0	1	5	
384	69366	0				0	1	5	
128	69633	0				0	1	5	
521	70499	0				0	1	4	
256	70766	0				0	1	3	
384	71233	0				0	1	0	
256	71633	0				0	1	3	
256	71933	0				0	1	0	
128	72499	0				0	1	0	
128	72799	0				0	1	0	
256	73066	0				0	1	3	
384	73366	0				0	1	5	
128	73633	0				0	1	5	
384	73933	0				0	1	5	
128	74199	0				0	1	5	
384	74499	0				0	1	5	
128	74799	0				0	1	5	
384	75366	0				0	1	5	
128	75633	0				0	1	5	
0	76233	0				0	1	0	
128	77066	0				0	1	0	
256	77633	0				0	1	3	
256	77933	0				0	1	0	
521	78499	0				0	1	0	
521	78766	0				0	1	0	
521	79066	0				0	1	0	
521	79599	0				0	1	0	
256	79933	0				0	1	3	
384	80366	0				0	1	0	
0	80766	0				0	1	0	
256	81033	0				0	1	3	
0	81633	0				0	1	0	
128	82233	0				0	1	0	
256	82499	0				0	1	3	
384	83066	0				0	1	0	
384	83333	0				0	1	4	
256	83633	0				0	1	3	
256	83933	0				0	1	1	
256	84499	0				0	1	3	
256	84933	0				0	1	0	
256	85366	0				0	1	0	
256	85633	0				0	1	3	
521	86799	0				0	1	0	
256	87066	0				0	1	3	
384	87366	0				0	1	5	
128	87633	0				0	1	5	
384	87933	0				0	1	5	
128	88233	0				0	1	5	
521	88766	0				0	1	0	
256	89066	0				0	1	3	
0	89499	0				0	1	0	
128	89932	0				0	1	0	
256	90199	0				0	1	3	
0	91366	0				0	1	0	
256	91632	0				0	1	3	
256	91932	0				0	1	0	
384	92232	0				0	1	5	
128	92499	0				0	1	5	
384	92799	0				0	1	5	
128	93066	0				0	1	5	
384	93632	0				0	1	5	
128	93932	0				0	1	5	
521	94499	0				0	1	0	
521	94766	0				0	1	0	
128	95366	0				0	1	0	
128	95632	0				0	1	0	
256	95932	0				0	1	3	
384	96199	0				0	1	5	
128	96499	0				0	1	5	
384	97032	0				0	1	5	
128	97332	0				0	1	5	
0	97899	0				0	1	0	
256	98199	0				0	1	3	
384	98666	0				0	1	0	
521	99066	0				0	1	0	
256	99332	0				0	1	3	
256	99632	0				0	1	0	
256	99932	0				0	1	0	
128	100199	0				0	1	5	
384	100499	0				0	1	5	
128	100766	0				0	1	5	
384	101066	0				0	1	5	
128	101366	0				0	1	5	
384	101632	0				0	1	5	
128	101932	0				0	1	5	
384	102199	0				0	1	5	
128	102499	0				0	1	5	
384	102766	0				0	1	5	
128	103066	0				0	1	5	
0	103632	0				0	1	0	
256	103932	0				0	1	3	
521	104499	0				0	1	4	
521	104766	0				0	1	0	
384	105066	0				0	1	5	
128	105366	0				0	1	5	
384	105632	0				0	1	5	
128	105932	0				0	1	5	
384	106199	0				0	1	5	
128	106499	0				0	1	5	
128	106999	0				0	1	0	
521	107366	0				0	1	0	
256	108199	0				0	1	0	
256	108499	0				0	1	3	
384	109066	0				0	1	0	
384	109332	0				0	1	0	
128	109632	0				0	1	5	
384	109932	0				0	1	5	
128	110199	0				0	1	5	
384	110499	0				0	1	5	
128	110766	0				0	1	5	
128	111366	0				0	1	0	
521	111932	0				0	1	0	
521	114699	0	S		C3	0	1	0	
256	115466	0				0	1	0	
0	116766	0				0	1	0	
384	118732	0				0	1	0	
384	121066	0				0	1	0	
256	123566	0				0	1	0	
256	125966	0				0	1	0	
0	127932	0				0	1	0	
256	129366	0				0	1	0	
256	130199	0				0	1	0	
256	130499	0				0	1	0	
256	130799	0				0	1	0	
256	131632	0				0	1	0	
256	132066	0				0	1	0	
0	132499	0				0	1	0	
0	132766	0				0	1	0	
256	133066	0				0	1	3	
128	133499	0				0	1	0	
256	133932	0				0	1	0	
384	134499	0				0	1	5	
128	134799	0				0	1	5	
384	135066	0				0	1	5	
128	135366	0				0	1	5	
0	135799	0				0	1	0	
256	136199	0				0	1	3	
384	136632	0				0	1	0	
384	137066	0				0	1	0	
521	137499	0				0	1	0	
256	137932	0				0	1	3	
256	138366	0				0	1	0	
256	138932	0				0	1	3	
521	139366	0				0	1	0	
521	139632	0				0	1	0	
256	139932	0				0	1	3	
0	140366	0				0	1	0	
256	140766	0				0	1	3	
384	141199	0				0	1	0	
0	141632	0				0	1	0	
0	141932	0				0	1	0	
256	142199	0				0	1	3	
0	142632	0				0	1	0	
256	143066	0				0	1	3	
521	143499	0				0	1	0	
521	143932	0				0	1	0	
521	144199	0				0	1	0	
256	144499	0				0	1	3	
128	144932	0				0	1	0	
0	145366	0				0	1	0	
256	145799	0				0	1	3	
0	146199	0				0	1	0	
521	146632	0				0	1	0	
256	147066	0				0	1	3	
256	147499	0				0	1	0	
521	147932	0				0	1	0	
128	148499	0				0	1	0	
128	148766	0				0	1	0	
256	149066	0				0	1	3	
521	149499	0				0	1	0	
256	149932	0				0	1	3	
0	150366	0				0	1	0	
0	150632	0				0	1	0	
256	151066	0				0	1	3	
256	151366	0				0	1	0	
384	151632	0				0	1	5	
128	152199	0				0	1	5	
384	152766	0				0	1	5	
128	153066	0				0	1	5	
384	153366	0				0	1	5	
128	153632	0				0	1	5	
0	154066	0				0	1	0	
256	154499	0				0	1	3	
256	154932	0				0	1	0	
384	155632	0				0	1	0	
128	155932	0				0	1	5	
384	156199	0				0	1	5	
128	156499	0				0	1	5	
384	156766	0				0	1	5	
128	157066	0				0	1	5	
521	157632	0				0	1	0	
521	157932	0				0	1	0	
256	158199	0				0	1	3	
256	158499	0				0	1	0	
256	159066	0				0	1	3	
0	159499	0				0	1	0	
256	159932	0				0	1	0	
256	160199	0				0	1	0	
256	160499	0				0	1	3	
256	160932	0				0	1	3	
0	161332	0				0	1	0	
256	161799	0				0	1	3	
521	162199	0				0	1	0	
521	162499	0				0	1	0	
256	162766	0				0	1	3	
256	163066	0				0	1	0	
256	163632	0				0	1	3	
256	164066	0				0	1	3	
256	165066	0				0	1	3	
256	165799	0				0	1	3	
128	166499	0				0	1	0	
256	167066	0				0	1	3	
128	167499	0				0	1	0	
256	167932	0				0	1	3	
256	168499	0				0	1	3	
0	169366	0				0	1	1	
256	169632	0				0	1	3	
128	169932	0				0	1	5	
384	170199	0				0	1	5	
128	170499	0				0	1	5	
384	170766	0				0	1	5	
128	171066	0				0	1	5	
128	171632	0				0	1	0	
128	172066	0				0	1	0	
256	172499	0				0	1	3	
256	172766	0				0	1	0	
256	173066	0				0	1	3	
128	173499	0				0	1	0	
256	173932	0				0	1	3	
256	174199	0				0	1	0	
256	174766	0				0	1	0	
256	175066	0				0	1	0	
256	175366	0				0	1	0	
128	175632	0				0	1	5	
384	175932	0				0	1	5	
128	176199	0				0	1	5	
384	176499	0				0	1	5	
128	177066	0				0	1	5	
128	177499	0				0	1	0	
128	178066	0				0	1	0	
256	178499	0				0	1	3	
256	178932	0				0	1	3	
384	179499	0				0	1	0	
256	179932	0				0	1	3	
256	180199	0				0	1	0	
384	180766	0				0	1	0	
384	181065	0				0	1	0	
256	181632	0				0	1	3	
128	181932	0				0	1	5	
384	182199	0				0	1	5	
128	182499	0				0	1	5	
384	183065	0				0	1	5	
128	183499	0				0	1	5	
128	183932	0				0	1	0	
384	184499	0				0	1	0	
384	184765	0				0	1	0	
0	185199	0				0	1	0	
0	186065	0	S		C1	0	1	0	
