音轨（1左2右）	开始时间	结束时间	道具	触发条件	触发事件	音效0是第一个	音量0-0.7的值可两位小数	0是打击点	音效点需要播的音效名字
Line	StartTime	EndTime	Item	Condition	Action	SoundEffects	Volume	IsHit	Gunbolt
384	1099	0				0	1	0	
256	1766	0				0	1	3	
128	2199	0				0	1	0	
521	2599	0				0	1	0	
384	3533	0				0	1	0	
256	3966	0				0	1	3	
256	4366	0				0	1	0	
521	4766	0				0	1	0	
521	5033	0				0	1	0	
521	5433	0				0	1	0	
521	5699	0				0	1	0	
384	6099	0				0	1	0	
521	6499	0				0	1	0	
128	7866	0				0	1	0	
256	8299	0				0	1	3	
521	8733	0				0	1	0	
521	9833	0				0	1	0	
256	10533	0				0	1	3	
128	10933	0				0	1	0	
128	11199	0				0	1	0	
0	12033	0				0	1	0	
0	12299	0				0	1	0	
256	12699	0				0	1	3	
128	13099	0				0	1	0	
256	13366	0				0	1	3	
0	13933	0				0	1	1	
128	14466	0				0	1	0	
128	14899	0				0	1	0	
256	15299	0				0	1	3	
128	16366	0				0	1	0	
128	16633	0				0	1	0	
384	17066	0				0	1	0	
256	17466	0				0	1	3	
521	18166	0				0	1	0	
128	18533	0				0	1	0	
128	18799	0				0	1	0	
256	19233	0				0	1	0	
256	19633	0				0	1	3	
384	20066	0				0	1	0	
384	20333	0				0	1	0	
256	20733	0				0	1	0	
256	20999	0				0	1	0	
256	21433	0				0	1	3	
256	21833	0				0	1	0	
256	22099	0				0	1	3	
521	22499	0				0	1	0	
128	23166	0				0	1	0	
0	23599	0				0	1	0	
256	23999	0				0	1	3	
521	24799	0				0	1	0	
256	25333	0				0	1	0	
521	25766	0				0	1	0	
384	26199	0				0	1	0	
0	26599	0				0	1	0	
0	26866	0				0	1	0	
128	27266	0				0	1	0	
256	27966	0				0	1	3	
256	28366	0				0	1	0	
384	29466	0				0	1	0	
256	30566	0				0	1	3	
0	30966	0				0	1	0	
0	31233	0				0	1	0	
256	31633	0				0	1	3	
256	31899	0				0	1	0	
0	32333	0				0	1	0	
256	32733	0				0	1	3	
521	33833	0				0	1	0	
256	34499	0				0	1	3	
521	34899	0				0	1	0	
256	35999	0				0	1	3	
256	37033	0				0	1	3	
256	38166	0				0	1	0	
256	38666	0				0	1	0	
256	39233	0				0	1	3	
521	39799	0				0	1	0	
521	40333	0				0	1	0	
256	40599	0				0	1	3	
521	41033	0				0	1	0	
384	41433	0				0	1	0	
128	41833	0				0	1	0	
0	42233	0				0	1	0	
256	42533	0				0	1	3	
0	43233	0				0	1	0	
256	43633	0				0	1	3	
384	44066	0				0	1	0	
521	44733	0				0	1	0	
256	45433	0				0	1	3	
521	45833	0				0	1	0	
0	46233	0				0	1	1	
256	46633	0				0	1	3	
521	47166	0				0	1	0	
128	47599	0				0	1	0	
256	49099	0	S		C2	0	1	3	
256	50133	0				0	1	3	
128	51199	0				0	1	0	
0	51766	0				0	1	1	
256	52333	0				0	1	3	
521	52866	0				0	1	0	
128	53399	0				0	1	0	
128	53699	0				0	1	0	
521	55633	0				0	1	0	
128	56299	0				0	1	0	
256	56699	0				0	1	3	
128	57133	0				0	1	0	
384	57499	0				0	1	0	
521	58066	0				0	1	0	
0	58499	0				0	1	0	
256	58933	0				0	1	3	
521	59599	0				0	1	0	
256	60266	0				0	1	0	
384	60699	0				0	1	0	
0	61899	0				0	1	0	
256	62199	0				0	1	3	
384	62766	0				0	1	0	
521	63299	0				0	1	0	
256	63566	0				0	1	3	
128	63966	0				0	1	0	
128	64233	0				0	1	0	
128	64799	0				0	1	0	
384	65433	0				0	1	0	
521	65866	0				0	1	0	
256	66133	0				0	1	3	
128	66799	0				0	1	0	
256	67233	0				0	1	0	
256	67633	0				0	1	3	
0	68033	0				0	1	0	
256	68299	0				0	1	3	
0	68699	0				0	1	0	
256	69399	0				0	1	3	
128	69799	0				0	1	0	
0	70199	0				0	1	0	
0	70499	0				0	1	0	
128	71166	0				0	1	0	
0	71599	0				0	1	0	
256	71999	0				0	1	3	
256	72266	0				0	1	0	
384	72699	0				0	1	0	
384	73799	0				0	1	0	
256	74199	0				0	1	3	
0	75533	0				0	1	0	
128	75966	0				0	1	0	
256	76366	0				0	1	3	
0	77066	0				0	1	0	
256	77466	0				0	1	0	
256	77733	0				0	1	0	
256	78533	0				0	1	3	
256	78799	0				0	1	0	
0	79866	0				0	1	0	
0	80733	0				0	1	0	
256	81133	0				0	1	0	
0	81566	0				0	1	0	
128	82099	0				0	1	0	
384	82499	0				0	1	0	
0	83999	0				0	1	0	
521	84699	0				0	1	0	
256	85099	0				0	1	3	
384	85499	0				0	1	0	
0	86433	0				0	1	0	
384	86866	0				0	1	0	
256	88066	0				0	1	3	
384	89066	0				0	1	0	
256	89466	0				0	1	3	
384	89866	0				0	1	0	
384	90133	0				0	1	0	
128	90766	0				0	1	0	
384	91199	0				0	1	0	
256	91633	0				0	1	3	
0	92366	0				0	1	0	
256	93399	0				0	1	3	
0	93799	0				0	1	0	
0	94599	0				0	1	0	
0	94899	0				0	1	0	
0	95566	0				0	1	0	
256	95999	0				0	1	0	
256	96399	0				0	1	0	
256	96666	0				0	1	0	
384	97333	0				0	1	4	
0	97766	0				0	1	0	
256	98166	0				0	1	3	
0	98599	0	S		C3	0	1	0	
0	98866	0				0	1	0	
521	99566	0				0	1	0	
384	99933	0				0	1	0	
521	100366	0				0	1	0	
256	101066	0				0	1	3	
521	101466	0				0	1	0	
384	102133	0				0	1	0	
128	102566	0				0	1	0	
128	103266	0				0	1	1	
256	103633	0				0	1	0	
384	104333	0				0	1	0	
256	104733	0				0	1	3	
521	105533	0				0	1	0	
128	106066	0				0	1	0	
256	106499	0				0	1	3	
521	106899	0				0	1	0	
256	107333	0				0	1	3	
521	108266	0				0	1	0	
128	108666	0				0	1	0	
256	109066	0				0	1	3	
128	109499	0				0	1	0	
0	110433	0				0	1	0	
128	110866	0				0	1	0	
128	111266	0				0	1	0	
256	111699	0				0	1	3	
256	111966	0				0	1	0	
384	113633	0				0	1	0	
256	114533	0				0	1	3	
256	114833	0				0	1	0	
256	115233	0				0	1	3	
256	115599	0				0	1	0	
521	116033	0				0	1	0	
0	116433	0				0	1	0	
256	116699	0				0	1	3	
128	117266	0				0	1	0	
256	117799	0				0	1	3	
384	118366	0				0	1	5	
128	118633	0				0	1	5	
384	118899	0				0	1	5	
128	119166	0				0	1	5	
256	119566	0				0	1	0	
256	119966	0				0	1	0	
256	121066	0				0	1	3	
256	121333	0				0	1	0	
256	121766	0				0	1	3	
384	122166	0				0	1	0	
384	122599	0				0	1	0	
384	123133	0				0	1	0	
384	123533	0				0	1	0	
384	123966	0				0	1	0	
256	124366	0				0	1	3	
384	125466	0				0	1	0	
256	125733	0				0	1	3	
256	126166	0				0	1	0	
256	127366	0				0	1	0	
256	127633	0				0	1	3	
128	128166	0				0	1	0	
256	128666	0				0	1	3	
0	128999	0				0	1	0	
384	129533	0				0	1	0	
256	129799	0				0	1	3	
384	130333	0				0	1	0	
256	130899	0				0	1	3	
256	131433	0				0	1	0	
128	131999	0				0	1	0	
128	132266	0				0	1	0	
256	132666	0				0	1	3	
0	133066	0				0	1	0	
128	133499	0				0	1	0	
128	133766	0				0	1	0	
128	135266	0				0	1	0	
256	135699	0				0	1	3	
0	136599	0				0	1	0	
521	137033	0				0	1	0	
256	137466	0				0	1	3	
256	137866	0				0	1	0	
256	138166	0				0	1	0	
384	138799	0				0	1	0	
521	139233	0				0	1	0	
521	139899	0				0	1	0	
256	140433	0				0	1	0	
256	140733	0				0	1	3	
521	141166	0				0	1	4	
521	141433	0				0	1	0	
256	141833	0				0	1	3	
128	142233	0				0	1	0	
256	142533	0				0	1	3	
384	142933	0				0	1	0	
521	143633	0				0	1	0	
521	143999	0				0	1	0	
256	145766	0				0	1	3	
256	146166	0				0	1	0	
384	146866	0				0	1	0	
384	147266	0				0	1	0	
256	147933	0				0	1	0	
0	148266	0				0	1	0	
256	149066	0				0	1	0	
521	149699	0				0	1	0	
384	150533	0				0	1	0	
256	150933	0				0	1	0	
256	151233	0				0	1	0	
128	151833	0				0	1	0	
256	152299	0				0	1	0	
256	152566	0				0	1	0	
128	153399	0				0	1	0	
521	154066	0				0	1	0	
256	154466	0				0	1	3	
0	154933	0				0	1	0	
256	155599	0				0	1	0	
128	156233	0				0	1	0	
0	156633	0				0	1	0	
128	157333	0				0	1	4	
128	158166	0				0	1	4	
0	158599	0				0	1	0	
256	159299	0	S		C1	0	1	0	
