音轨（1左2右）	开始时间	结束时间	道具	触发条件	触发事件	音效0是第一个	音量0-0.7的值可两位小数	0是打击点	音效点需要播的音效名字
Line	StartTime	EndTime	Item	Condition	Action	SoundEffects	Volume	IsHit	Gunbolt
0	1299	0				0	1	0	
384	2033	0				0	1	0	
521	2366	0				0	1	1	
521	2999	0				0	1	0	
256	3333	0				0	1	3	
256	3833	0				0	1	0	
521	4266	0				0	1	0	
384	4599	0				0	1	0	
256	5233	0				0	1	0	
384	5866	0				0	1	0	
128	6399	0				0	1	0	
384	7799	0				0	1	0	
384	8133	0				0	1	0	
256	8433	0				0	1	3	
0	8966	0				0	1	0	
256	9599	0				0	1	3	
0	9933	0				0	1	0	
256	10433	0				0	1	0	
256	10999	0				0	1	3	
256	11499	0				0	1	3	
128	11933	0				0	1	0	
256	12266	0				0	1	3	
128	12599	0				0	1	0	
256	13233	0				0	1	0	
256	13533	0				0	1	3	
256	14066	0				0	1	3	
256	14366	0				0	1	0	
256	14799	0				0	1	3	
128	15133	0				0	1	0	
521	15466	0				0	1	0	
521	15766	0				0	1	0	
256	16099	0				0	1	3	
256	16599	0				0	1	0	
256	17366	0				0	1	3	
128	17699	0				0	1	0	
128	17999	0				0	1	0	
256	18333	0				0	1	0	
256	18633	0				0	1	0	
256	18966	0				0	1	3	
256	19299	0				0	1	0	
256	19599	0				0	1	0	
256	19899	0				0	1	3	
128	20633	0				0	1	0	
256	21199	0				0	1	3	
128	21699	0				0	1	0	
256	22466	0				0	1	3	
256	22799	0				0	1	0	
521	23433	0				0	1	0	
256	23733	0				0	1	3	
256	24266	0				0	1	3	
256	24699	0				0	1	0	
256	25033	0				0	1	3	
256	25333	0				0	1	0	
256	25666	0				0	1	3	
256	26299	0				0	1	3	
256	26833	0				0	1	3	
256	27566	0				0	1	3	
128	27899	0				0	1	0	
128	28299	0				0	1	0	
256	28933	0				0	1	3	
256	29499	0				0	1	3	
256	29799	0				0	1	0	
256	30133	0				0	1	3	
0	30766	0				0	1	0	
256	31933	0				0	1	3	
384	32466	0				0	1	0	
256	33033	0				0	1	0	
384	33633	0				0	1	0	
256	33966	0				0	1	3	
256	34933	0				0	1	0	
0	35433	0				0	1	0	
128	35966	0				0	1	0	
256	36499	0				0	1	3	
256	37033	0				0	1	3	
384	37466	0				0	1	0	
256	37799	0				0	1	3	
256	38099	0				0	1	0	
256	38499	0				0	1	0	
256	39066	0				0	1	3	
384	39399	0				0	1	0	
256	39699	0				0	1	3	
256	40033	0	S		C2	0	1	0	
256	40333	0				0	1	3	
256	40666	0				0	1	0	
256	41299	0				0	1	0	
256	41633	0				0	1	3	
256	42133	0				0	1	3	
521	42566	0				0	1	0	
256	42899	0				0	1	3	
0	43233	0				0	1	0	
0	43599	0				0	1	0	
0	43866	0				0	1	0	
256	44166	0				0	1	3	
256	44699	0				0	1	3	
256	45466	0				0	1	3	
256	45766	0				0	1	0	
256	46099	0				0	1	3	
256	46733	0				0	1	3	
128	47999	0				0	1	1	
384	48333	0				0	1	0	
256	48966	0				0	1	0	
256	49266	0				0	1	0	
384	49599	0				0	1	0	
384	49899	0				0	1	0	
128	50466	0				0	1	0	
256	50766	0				0	1	3	
128	51266	0				0	1	0	
256	51833	0				0	1	3	
256	52366	0				0	1	3	
128	52799	0				0	1	0	
256	53099	0				0	1	3	
0	53433	0				0	1	0	
384	54066	0				0	1	0	
256	54399	0				0	1	3	
256	54899	0				0	1	3	
0	55333	0				0	1	0	
256	55666	0				0	1	3	
256	56299	0				0	1	0	
256	56933	0				0	1	3	
256	57466	0				0	1	3	
256	58233	0				0	1	3	
256	58533	0				0	1	0	
256	58933	0				0	1	3	
521	59499	0				0	1	0	
128	60133	0				0	1	0	
256	60766	0				0	1	3	
384	61299	0				0	1	0	
384	61733	0				0	1	1	
256	62033	0				0	1	3	
521	62566	0				0	1	0	
256	63333	0				0	1	3	
256	63633	0				0	1	0	
384	63966	0				0	1	0	
256	64599	0				0	1	3	
0	65133	0				0	1	0	
256	65866	0				0	1	3	
128	66199	0				0	1	0	
128	66499	0				0	1	0	
256	66833	0				0	1	0	
256	67166	0				0	1	3	
256	67666	0				0	1	3	
0	68099	0				0	1	0	
256	68433	0				0	1	3	
256	68766	0				0	1	0	
384	69399	0				0	1	0	
384	69699	0				0	1	0	
384	70866	0				0	1	0	
256	71199	0				0	1	3	
521	73866	0				0	1	0	
256	74799	0				0	1	0	
384	75466	0				0	1	0	
384	75766	0				0	1	0	
521	76099	0				0	1	0	
0	76732	0				0	1	0	
128	77066	0				0	1	1	
128	77366	0				0	1	0	
128	77699	0				0	1	0	
128	77999	0				0	1	0	
521	78332	0				0	1	0	
521	78632	0				0	1	0	
0	78966	0				0	1	0	
0	79266	0				0	1	0	
521	79599	0				0	1	0	
0	79932	0				0	1	0	
521	80566	0	S		C3	0	1	0	
521	80866	0				0	1	0	
256	81199	0				0	1	3	
521	81532	0				0	1	4	
256	81832	0				0	1	3	
0	82166	0				0	1	0	
256	82466	0				0	1	3	
256	82999	0				0	1	3	
128	83732	0				0	1	0	
256	84066	0				0	1	3	
128	84699	0				0	1	0	
256	85032	0				0	1	3	
521	85866	0				0	1	0	
256	86299	0				0	1	3	
128	86632	0				0	1	0	
256	87266	0				0	1	3	
256	87566	0				0	1	0	
256	87899	0				0	1	3	
128	88232	0				0	1	0	
256	88532	0				0	1	3	
384	88866	0				0	1	0	
384	89166	0				0	1	0	
128	91399	0				0	1	0	
256	92032	0				0	1	3	
256	92366	0				0	1	3	
521	92699	0				0	1	0	
521	92999	0				0	1	0	
128	93332	0				0	1	0	
256	94299	0				0	1	0	
384	94632	0				0	1	0	
256	95232	0				0	1	0	
128	95766	0				0	1	0	
128	96099	0				0	1	0	
128	96532	0				0	1	0	
128	96866	0				0	1	0	
128	97232	0				0	1	0	
256	97799	0				0	1	3	
128	98299	0				0	1	0	
128	98732	0				0	1	0	
256	99066	0				0	1	3	
384	99399	0				0	1	0	
384	99699	0				0	1	0	
521	100032	0				0	1	0	
256	100332	0				0	1	3	
128	100666	0				0	1	1	
128	100966	0				0	1	0	
0	101299	0				0	1	0	
256	101632	0				0	1	3	
256	101932	0				0	1	0	
256	102899	0				0	1	3	
521	103232	0				0	1	0	
256	104166	0				0	1	3	
384	104499	0				0	1	0	
0	105132	0				0	1	0	
256	105466	0				0	1	3	
0	105966	0				0	1	0	
256	106732	0				0	1	3	
256	107366	0				0	1	0	
0	107699	0				0	1	0	
256	107999	0				0	1	3	
256	108532	0				0	1	3	
0	108966	0				0	1	0	
256	109266	0				0	1	3	
384	109599	0				0	1	0	
256	110566	0				0	1	3	
256	111732	0				0	1	3	
256	112032	0				0	1	4	
128	112799	0				0	1	0	
256	113099	0				0	1	3	
521	113432	0				0	1	0	
521	113699	0				0	1	0	
256	114399	0				0	1	3	
256	114699	0				0	1	0	
128	115032	0				0	1	0	
128	115332	0				0	1	0	
256	115666	0				0	1	3	
384	116299	0				0	1	0	
256	116932	0				0	1	3	
384	117266	0				0	1	0	
384	117899	0				0	1	0	
256	118199	0				0	1	3	
128	118532	0				0	1	0	
256	118866	0				0	1	0	
256	119166	0				0	1	0	
256	119499	0				0	1	3	
256	119799	0				0	1	0	
256	120132	0				0	1	3	
0	120466	0				0	1	0	
256	120766	0				0	1	3	
256	121099	0				0	1	0	
256	121399	0				0	1	3	
521	121732	0				0	1	0	
256	122032	0				0	1	3	
0	122366	0				0	1	0	
128	122999	0				0	1	0	
256	123332	0				0	1	3	
256	123632	0				0	1	0	
256	123966	0				0	1	3	
256	124266	0				0	1	0	
256	124599	0				0	1	3	
384	124932	0				0	1	0	
384	125232	0				0	1	0	
128	125566	0				0	1	0	
256	125866	0				0	1	3	
256	126399	0				0	1	3	
128	126832	0				0	1	0	
256	127166	0				0	1	3	
256	127466	0				0	1	0	
256	127799	0				0	1	3	
256	128099	0				0	1	0	
256	128432	0				0	1	3	
0	128766	0				0	1	0	
0	129066	0				0	1	0	
256	129699	0				0	1	3	
256	130032	0				0	1	0	
384	130666	0				0	1	0	
256	130999	0				0	1	0	
256	131299	0				0	1	0	
128	131632	0				0	1	0	
384	132166	0	S		C1	0	1	0	
