音轨（1左2右）	开始时间	结束时间	道具	触发条件	触发事件	音效0是第一个	音量0-0.7的值可两位小数	0是打击点	音效点需要播的音效名字
Line	StartTime	EndTime	Item	Condition	Action	SoundEffects	Volume	IsHit	Gunbolt
521	1799	0				0	1	0	
521	2599	0				0	1	0	
521	3166	0				0	1	0	
0	3566	0				0	1	0	
256	4133	0				0	1	3	
0	4533	0				0	1	0	
256	4899	0				0	1	3	
0	5299	0				0	1	0	
521	5666	0				0	1	0	
384	6066	0				0	1	0	
521	6666	0				0	1	0	
256	7233	0				0	1	3	
384	7633	0				0	1	0	
256	7999	0				0	1	3	
384	8366	0				0	1	0	
521	8766	0				0	1	0	
128	9166	0				0	1	0	
384	9733	0				0	1	0	
256	10333	0				0	1	0	
128	10699	0				0	1	0	
256	11099	0				0	1	3	
128	11499	0				0	1	0	
384	11866	0				0	1	0	
0	12266	0				0	1	4	
0	12833	0				0	1	0	
0	13133	0				0	1	0	
256	14199	0				0	1	3	
384	14966	0				0	1	0	
256	15366	0				0	1	0	
521	16533	0				0	1	0	
0	16933	0				0	1	0	
256	17299	0				0	1	3	
256	17699	0				0	1	0	
256	18066	0				0	1	3	
256	18466	0				0	1	0	
256	19233	0				0	1	3	
0	19599	0				0	1	0	
521	19999	0				0	1	0	
256	20399	0				0	1	3	
0	20799	0				0	1	0	
256	21166	0				0	1	3	
0	21566	0				0	1	0	
521	22333	0				0	1	0	
256	22699	0				0	1	3	
128	23099	0				0	1	0	
384	23499	0				0	1	0	
384	23866	0				0	1	0	
256	24266	0				0	1	3	
256	24666	0				0	1	0	
0	25033	0				0	1	0	
256	25799	0				0	1	3	
256	26399	0				0	1	3	
384	26966	0				0	1	0	
384	27366	0				0	1	0	
521	28333	0				0	1	0	
256	28899	0				0	1	3	
384	29299	0				0	1	0	
256	29666	0				0	1	3	
0	30066	0				0	1	0	
0	30466	0				0	1	0	
521	30866	0				0	1	0	
256	31433	0				0	1	0	
256	31999	0				0	1	3	
384	32399	0				0	1	1	
256	32766	0				0	1	3	
128	33166	0				0	1	0	
0	33533	0				0	1	0	
128	33933	0				0	1	0	
521	34699	0				0	1	0	
256	35099	0				0	1	3	
128	35499	0				0	1	0	
256	35966	0				0	1	3	
256	36266	0				0	1	0	
256	36633	0				0	1	3	
256	37233	0				0	1	3	
256	37999	0				0	1	3	
128	38566	0				0	1	0	
256	38966	0				0	1	3	
384	39366	0				0	1	0	
256	39733	0				0	1	3	
521	40133	0				0	1	0	
256	40899	0				0	1	3	
384	41299	0				0	1	0	
256	41666	0				0	1	0	
256	42066	0				0	1	3	
0	42466	0				0	1	0	
256	42833	0				0	1	3	
521	43233	0				0	1	0	
256	43999	0				0	1	3	
256	44399	0				0	1	0	
256	44766	0				0	1	0	
256	45166	0				0	1	3	
384	45933	0				0	1	0	
521	46333	0				0	1	0	
128	46699	0	S		C2	0	1	0	
256	47099	0				0	1	3	
256	47499	0				0	1	4	
128	47866	0				0	1	0	
256	48266	0				0	1	3	
128	48633	0				0	1	0	
256	49033	0				0	1	3	
128	49433	0				0	1	0	
128	49799	0				0	1	0	
256	50199	0				0	1	3	
521	50566	0				0	1	0	
521	50966	0				0	1	0	
256	51366	0				0	1	3	
128	52133	0				0	1	0	
256	52533	0				0	1	0	
256	53299	0				0	1	0	
256	53666	0				0	1	3	
0	54066	0				0	1	0	
384	54466	0				0	1	0	
128	54833	0				0	1	1	
256	55233	0				0	1	3	
521	55633	0				0	1	0	
384	56199	0				0	1	0	
256	56766	0				0	1	3	
128	57166	0				0	1	0	
256	57533	0				0	1	3	
384	57933	0				0	1	0	
256	58333	0				0	1	3	
384	58699	0				0	1	0	
128	59099	0				0	1	0	
0	59499	0				0	1	0	
256	59866	0				0	1	3	
256	60266	0				0	1	3	
256	61033	0				0	1	0	
256	61433	0				0	1	3	
256	61999	0				0	1	3	
256	63733	0				0	1	3	
384	64133	0				0	1	0	
0	64533	0				0	1	0	
256	64899	0				0	1	0	
384	65299	0				0	1	0	
256	66066	0				0	1	3	
521	66466	0				0	1	0	
256	66833	0				0	1	3	
0	67233	0				0	1	0	
256	67633	0				0	1	0	
0	67999	0				0	1	0	
256	69166	0				0	1	3	
521	69566	0				0	1	0	
256	69933	0				0	1	3	
521	70333	0				0	1	0	
128	70699	0				0	1	0	
256	71099	0				0	1	0	
256	72266	0				0	1	3	
256	72633	0				0	1	0	
256	73033	0				0	1	3	
521	73433	0				0	1	0	
256	73799	0				0	1	3	
384	74199	0				0	1	0	
521	75366	0				0	1	0	
384	75733	0				0	1	0	
256	76133	0				0	1	3	
256	76499	0				0	1	4	
256	76899	0				0	1	3	
0	77299	0				0	1	0	
128	77699	0				0	1	0	
256	78066	0				0	1	3	
128	78466	0				0	1	0	
256	78833	0				0	1	0	
256	79233	0				0	1	3	
256	79599	0				0	1	0	
256	79999	0				0	1	3	
128	80399	0				0	1	0	
256	80766	0				0	1	0	
256	81166	0				0	1	3	
521	81933	0				0	1	0	
256	82333	0				0	1	0	
256	82699	0				0	1	1	
256	83099	0				0	1	3	
128	83866	0				0	1	0	
256	84266	0				0	1	3	
521	84633	0				0	1	0	
256	85033	0				0	1	3	
0	85433	0				0	1	0	
256	85799	0				0	1	0	
256	86199	0				0	1	3	
521	87733	0				0	1	0	
521	88033	0				0	1	0	
256	88533	0				0	1	3	
128	88933	0				0	1	0	
256	89299	0				0	1	3	
521	89699	0				0	1	0	
384	90266	0				0	1	0	
521	90833	0				0	1	0	
256	91599	0				0	1	3	
384	92399	0				0	1	0	
128	92799	0				0	1	0	
0	93366	0	S		C3	0	1	0	
256	94699	0				0	1	3	
384	95499	0				0	1	0	
0	96466	0				0	1	0	
0	97033	0				0	1	0	
256	97799	0				0	1	3	
521	98199	0				0	1	0	
384	98566	0				0	1	0	
0	99733	0				0	1	0	
256	100899	0				0	1	3	
521	101299	0				0	1	0	
256	101666	0				0	1	0	
0	102066	0				0	1	0	
521	102933	0				0	1	0	
521	103233	0				0	1	0	
256	103999	0				0	1	3	
0	104399	0				0	1	0	
256	104766	0				0	1	3	
521	105166	0				0	1	0	
256	105933	0				0	1	3	
256	106333	0				0	1	1	
521	106699	0				0	1	0	
256	107099	0				0	1	3	
0	107866	0				0	1	0	
0	108266	0				0	1	0	
256	109033	0				0	1	3	
128	109433	0				0	1	0	
128	109799	0				0	1	0	
256	110199	0				0	1	3	
521	110599	0				0	1	0	
256	110966	0				0	1	3	
128	111366	0				0	1	0	
256	111933	0				0	1	3	
128	112899	0				0	1	0	
521	113299	0				0	1	0	
256	114066	0				0	1	3	
256	115233	0				0	1	3	
256	115599	0				0	1	0	
256	115999	0				0	1	3	
384	116766	0				0	1	0	
256	117166	0				0	1	3	
0	117566	0				0	1	0	
521	118133	0				0	1	0	
384	118699	0				0	1	0	
256	119099	0				0	1	0	
256	119466	0				0	1	3	
256	119866	0				0	1	0	
256	120266	0				0	1	3	
256	120666	0				0	1	0	
0	121233	0				0	1	0	
256	121799	0				0	1	3	
0	122199	0				0	1	0	
128	122966	0				0	1	0	
256	123366	0				0	1	3	
256	123733	0				0	1	0	
256	124133	0				0	1	0	
256	124899	0				0	1	3	
521	125299	0				0	1	0	
256	126266	0				0	1	3	
384	127033	0				0	1	0	
256	127999	0				0	1	3	
256	128766	0				0	1	0	
521	129166	0				0	1	0	
256	129533	0				0	1	0	
521	129933	0				0	1	1	
521	130333	0				0	1	0	
521	130699	0				0	1	0	
128	131099	0				0	1	0	
256	131866	0				0	1	3	
256	132266	0				0	1	0	
0	132633	0				0	1	0	
521	133033	0				0	1	0	
384	133899	0				0	1	0	
256	134199	0				0	1	3	
384	134966	0				0	1	0	
384	135366	0				0	1	0	
256	135733	0				0	1	3	
256	136333	0				0	1	3	
384	136733	0				0	1	0	
521	137299	0				0	1	0	
0	137666	0				0	1	0	
128	138066	0				0	1	0	
128	140766	0				0	1	0	
0	141166	0				0	1	0	
128	141666	0				0	1	0	
384	143666	0				0	1	0	
384	144266	0				0	1	0	
256	146566	0				0	1	0	
256	147166	0				0	1	0	
256	149466	0				0	1	0	
256	149866	0				0	1	0	
0	150433	0	S		C1	0	1	0	
