音轨（1左2右）	开始时间	结束时间	道具	触发条件	触发事件	音效0是第一个	音量0-0.7的值可两位小数	0是打击点	音效点需要播的音效名字
Line	StartTime	EndTime	Item	Condition	Action	SoundEffects	Volume	IsHit	Gunbolt
128	1733	0				0	1	0	
521	3099	0				0	1	0	
521	4866	0				0	1	0	
256	5266	0				0	1	0	
384	5599	0				0	1	0	
256	5966	0				0	1	3	
521	6333	0				0	1	0	
256	6666	0				0	1	0	
521	7033	0				0	1	0	
128	8066	0				0	1	0	
128	8766	0				0	1	0	
256	9133	0				0	1	1	
128	9466	0				0	1	0	
256	9799	0				0	1	0	
128	10533	0				0	1	0	
256	10866	0				0	1	3	
521	11233	0				0	1	0	
128	11933	0				0	1	0	
256	12266	0				0	1	0	
384	12633	0				0	1	0	
0	13333	0				0	1	0	
256	13666	0				0	1	0	
521	14033	0				0	1	0	
521	14366	0				0	1	0	
0	14733	0				0	1	0	
128	15066	0				0	1	0	
384	15433	0				0	1	0	
128	16133	0				0	1	0	
384	16466	0				0	1	0	
0	16833	0				0	1	0	
0	17166	0				0	1	0	
0	17533	0				0	1	0	
384	17866	0				0	1	0	
384	18233	0				0	1	0	
0	18599	0				0	1	0	
521	18933	0				0	1	0	
256	19299	0				0	1	3	
0	19633	0				0	1	0	
128	19999	0				0	1	0	
256	20699	0				0	1	0	
128	21033	0				0	1	0	
384	21366	0				0	1	0	
521	21733	0				0	1	0	
521	22099	0				0	1	1	
0	22466	0				0	1	0	
0	22766	0				0	1	0	
128	23166	0				0	1	0	
384	24233	0				0	1	0	
0	24566	0				0	1	0	
0	24899	0				0	1	0	
384	25266	0				0	1	0	
0	25966	0				0	1	0	
256	26299	0				0	1	0	
0	26666	0				0	1	0	
521	26999	0				0	1	0	
521	27366	0				0	1	0	
128	27699	0				0	1	0	
0	28066	0				0	1	0	
256	28399	0				0	1	3	
0	29466	0				0	1	0	
0	29999	0				0	1	0	
384	30499	0				0	1	0	
256	30866	0				0	1	0	
128	31899	0				0	1	0	
0	32433	0				0	1	0	
0	32766	0				0	1	0	
256	33333	0				0	1	3	
0	33666	0				0	1	0	
256	33999	0				0	1	3	
384	34366	0				0	1	0	
0	34733	0				0	1	0	
128	35066	0				0	1	0	
0	35433	0				0	1	0	
384	35799	0				0	1	0	
256	36133	0				0	1	3	
256	36833	0				0	1	0	
256	37366	0				0	1	0	
256	37699	0				0	1	0	
256	38199	0				0	1	3	
128	38933	0				0	1	0	
521	39266	0				0	1	0	
256	39833	0				0	1	3	
521	40366	0				0	1	0	
0	40866	0				0	1	0	
256	41166	0				0	1	3	
128	41733	0				0	1	0	
521	42099	0				0	1	0	
128	42633	0				0	1	0	
256	43133	0				0	1	0	
521	43499	0				0	1	0	
384	44199	0				0	1	0	
128	44533	0				0	1	0	
384	44899	0				0	1	0	
256	45233	0				0	1	3	
256	45966	0				0	1	0	
256	46299	0				0	1	0	
256	46633	0				0	1	0	
521	47366	0				0	1	0	
521	47699	0				0	1	0	
256	48033	0				0	1	3	
0	48566	0				0	1	0	
384	48899	0				0	1	0	
256	49433	0				0	1	0	
256	50166	0				0	1	3	
0	50533	0	S		C2	0	1	0	
256	50833	0				0	1	3	
128	51533	0				0	1	0	
384	52099	0				0	1	0	
128	52433	0				0	1	0	
256	52966	0				0	1	3	
256	53699	0				0	1	0	
0	54033	0				0	1	0	
128	54399	0				0	1	0	
256	54899	0				0	1	0	
128	55266	0				0	1	0	
384	55599	0				0	1	0	
128	56499	0				0	1	0	
521	57199	0				0	1	0	
256	57899	0				0	1	3	
0	58233	0				0	1	0	
384	58599	0				0	1	0	
256	58933	0				0	1	0	
128	59266	0				0	1	0	
521	59966	0				0	1	0	
521	60366	0				0	1	0	
0	60699	0				0	1	0	
256	61033	0				0	1	0	
256	61766	0				0	1	0	
256	62099	0				0	1	3	
256	62799	0				0	1	3	
0	63166	0				0	1	0	
521	63833	0				0	1	0	
256	64166	0				0	1	0	
256	64899	0				0	1	3	
384	65433	0				0	1	0	
0	65966	0				0	1	0	
256	66299	0				0	1	3	
521	67699	0				0	1	0	
128	68066	0				0	1	0	
521	68399	0				0	1	0	
128	68766	0				0	1	0	
256	69099	0				0	1	0	
128	69466	0				0	1	0	
128	69799	0				0	1	0	
256	70166	0				0	1	0	
256	70533	0				0	1	0	
128	70866	0				0	1	0	
256	71233	0				0	1	0	
521	71566	0				0	1	0	
521	71933	0				0	1	0	
0	72266	0				0	1	0	
256	72633	0				0	1	0	
384	72966	0				0	1	0	
128	73666	0				0	1	0	
256	74033	0				0	1	0	
256	74733	0				0	1	0	
384	75066	0				0	1	0	
0	75433	0				0	1	0	
128	75799	0				0	1	0	
128	76099	0				0	1	0	
0	76499	0				0	1	0	
0	76866	0				0	1	0	
0	77199	0				0	1	0	
384	77899	0				0	1	0	
256	78233	0				0	1	0	
256	78599	0				0	1	0	
256	78899	0				0	1	3	
521	79299	0				0	1	0	
128	79633	0				0	1	0	
128	79966	0				0	1	0	
256	80333	0				0	1	0	
0	80699	0				0	1	0	
0	81033	0				0	1	0	
0	81399	0				0	1	0	
256	81733	0				0	1	3	
0	82433	0				0	1	0	
0	82799	0				0	1	0	
0	83299	0				0	1	0	
256	83833	0				0	1	3	
0	84199	0				0	1	0	
256	84499	0				0	1	3	
256	84933	0				0	1	0	
521	85399	0				0	1	0	
256	85966	0				0	1	3	
128	86466	0				0	1	0	
256	86833	0				0	1	3	
0	87333	0				0	1	0	
0	87733	0				0	1	0	
384	88066	0				0	1	0	
0	88566	0				0	1	0	
256	88933	0				0	1	0	
128	89266	0				0	1	0	
521	89633	0				0	1	0	
256	90166	0				0	1	3	
128	90866	0				0	1	0	
256	91566	0				0	1	3	
521	91933	0				0	1	0	
521	92266	0				0	1	0	
128	92599	0				0	1	0	
521	92999	0				0	1	0	
256	93333	0				0	1	0	
128	93666	0				0	1	0	
0	94033	0				0	1	0	
521	94366	0				0	1	0	
256	94733	0				0	1	1	
128	95066	0				0	1	0	
256	95766	0				0	1	3	
0	96133	0				0	1	0	
128	96466	0				0	1	0	
256	97166	0				0	1	0	
128	97533	0				0	1	0	
384	98033	0				0	1	0	
256	98566	0				0	1	3	
384	99433	0				0	1	0	
521	99799	0	S		C3	0	1	0	
256	101399	0				0	1	3	
0	102099	0				0	1	0	
521	102633	0				0	1	0	
128	102966	0				0	1	0	
256	103466	0				0	1	3	
0	103833	0				0	1	0	
256	104166	0				0	1	3	
0	104933	0				0	1	0	
256	105399	0				0	1	0	
128	105766	0				0	1	0	
256	106266	0				0	1	3	
521	106666	0				0	1	0	
256	106999	0				0	1	3	
521	107699	0				0	1	0	
384	108233	0				0	1	0	
384	108566	0				0	1	0	
256	109099	0				0	1	0	
256	109466	0				0	1	3	
0	109799	0				0	1	0	
128	110533	0				0	1	0	
384	111033	0				0	1	0	
0	111399	0				0	1	0	
256	111899	0				0	1	3	
0	112266	0				0	1	0	
256	112766	0				0	1	3	
521	114033	0				0	1	0	
384	114366	0				0	1	0	
256	114733	0				0	1	3	
128	115066	0				0	1	0	
256	115599	0				0	1	3	
256	116433	0				0	1	0	
128	116799	0				0	1	0	
384	117166	0				0	1	0	
256	117533	0				0	1	3	
256	117866	0				0	1	0	
256	118399	0				0	1	3	
0	119299	0				0	1	0	
128	119999	0				0	1	0	
384	120366	0				0	1	0	
256	120699	0				0	1	3	
128	121399	0				0	1	0	
128	121733	0				0	1	0	
384	122766	0				0	1	0	
521	123166	0				0	1	0	
384	123499	0				0	1	0	
256	123833	0				0	1	3	
384	125099	0				0	1	1	
128	125633	0				0	1	0	
256	125966	0				0	1	3	
256	126333	0				0	1	0	
256	126666	0				0	1	0	
256	129433	0				0	1	3	
256	130699	0				0	1	3	
384	131233	0				0	1	0	
256	131599	0				0	1	3	
0	132299	0				0	1	0	
384	133499	0				0	1	0	
384	135066	0				0	1	0	
0	135466	0				0	1	0	
521	135799	0				0	1	0	
521	136299	0				0	1	0	
0	136666	0				0	1	0	
128	137366	0				0	1	0	
521	137899	0				0	1	0	
256	139099	0				0	1	0	
128	139799	0				0	1	0	
256	140166	0				0	1	0	
256	140666	0				0	1	3	
0	141399	0				0	1	0	
256	142766	0				0	1	0	
384	143299	0				0	1	0	
384	144199	0				0	1	0	
384	144733	0				0	1	0	
384	145266	0				0	1	0	
384	145766	0				0	1	0	
384	146266	0				0	1	0	
128	146666	0				0	1	0	
384	146999	0				0	1	0	
128	147366	0				0	1	0	
256	147699	0				0	1	0	
128	148033	0				0	1	0	
384	148399	0				0	1	0	
384	148766	0				0	1	0	
521	149133	0				0	1	0	
256	149466	0				0	1	0	
384	149833	0				0	1	1	
384	150166	0				0	1	0	
521	150533	0				0	1	0	
0	150866	0				0	1	0	
521	151233	0				0	1	4	
256	151566	0				0	1	3	
521	151933	0				0	1	0	
521	152266	0				0	1	0	
256	152633	0				0	1	0	
384	152966	0				0	1	0	
384	153266	0				0	1	0	
256	153666	0				0	1	0	
384	154033	0				0	1	0	
128	154366	0				0	1	0	
256	154733	0				0	1	3	
0	155066	0				0	1	4	
0	155433	0				0	1	0	
256	155799	0				0	1	0	
128	156499	0				0	1	0	
256	156833	0				0	1	0	
384	157166	0				0	1	0	
256	157533	0				0	1	3	
384	158233	0				0	1	0	
128	158766	0				0	1	0	
384	159099	0				0	1	0	
256	159633	0				0	1	3	
0	159999	0				0	1	0	
0	160299	0				0	1	0	
256	161033	0				0	1	0	
521	161533	0				0	1	0	
0	161899	0				0	1	0	
256	162433	0				0	1	3	
256	162799	0				0	1	0	
256	163133	0	S		C1	0	1	0	
