音轨（1左2右）	开始时间	结束时间	道具	触发条件	触发事件	音效0是第一个	音量0-0.7的值可两位小数	0是打击点	音效点需要播的音效名字
Line	StartTime	EndTime	Item	Condition	Action	SoundEffects	Volume	IsHit	Gunbolt
128	2766	0				0	1	0	
128	3699	0				0	1	0	
384	4033	0				0	1	0	
256	4599	0				0	1	3	
521	5066	0				0	1	0	
256	5533	0				0	1	3	
128	5999	0				0	1	0	
256	6433	0				0	1	3	
521	6899	0				0	1	0	
521	7199	0				0	1	0	
128	7633	0				0	1	0	
256	8266	0				0	1	3	
256	8699	0				0	1	0	
256	9166	0				0	1	3	
256	9633	0				0	1	0	
256	10066	0				0	1	3	
521	10533	0				0	1	0	
0	10966	0				0	1	0	
256	12799	0				0	1	3	
256	13099	0				0	1	0	
256	13433	0				0	1	3	
256	13733	0				0	1	0	
521	14166	0				0	1	0	
256	14466	0				0	1	3	
384	15066	0				0	1	0	
128	15966	0				0	1	0	
256	16433	0				0	1	3	
256	16899	0				0	1	0	
256	17799	0				0	1	3	
521	18266	0				0	1	0	
256	18699	0				0	1	3	
128	19166	0				0	1	0	
256	19633	0				0	1	0	
256	20533	0				0	1	3	
0	20999	0				0	1	0	
256	21433	0				0	1	3	
384	21899	0				0	1	0	
384	22799	0				0	1	0	
256	23266	0				0	1	3	
0	24166	0				0	1	0	
128	24633	0				0	1	0	
521	25066	0				0	1	0	
256	25533	0				0	1	3	
256	25999	0				0	1	3	
521	26433	0				0	1	0	
256	26899	0				0	1	3	
0	27333	0				0	1	0	
0	27799	0				0	1	0	
0	28266	0				0	1	0	
521	28699	0				0	1	0	
256	29166	0				0	1	3	
384	29633	0				0	1	0	
521	30066	0				0	1	0	
256	30533	0				0	1	0	
256	30966	0				0	1	3	
128	31899	0				0	1	0	
256	32366	0				0	1	3	
256	32633	0				0	1	0	
256	33699	0				0	1	0	
128	34166	0				0	1	0	
256	34633	0				0	1	3	
0	35099	0				0	1	0	
384	35833	0				0	1	0	
521	36433	0				0	1	0	
256	37333	0				0	1	3	
521	37799	0				0	1	4	
256	38233	0				0	1	3	
256	38699	0				0	1	0	
256	39166	0				0	1	3	
128	39633	0				0	1	0	
256	40033	0				0	1	3	
0	40533	0				0	1	0	
0	40966	0				0	1	0	
256	41399	0				0	1	0	
256	41866	0				0	1	3	
0	42199	0				0	1	0	
0	42499	0				0	1	0	
256	42799	0				0	1	3	
256	43699	0				0	1	3	
128	44599	0				0	1	0	
256	45066	0				0	1	0	
256	45533	0				0	1	3	
0	46199	0				0	1	0	
0	46899	0				0	1	0	
0	47333	0				0	1	0	
256	47799	0				0	1	3	
521	48233	0				0	1	0	
0	48699	0				0	1	0	
0	48999	0				0	1	0	
256	49633	0				0	1	3	
384	50066	0				0	1	0	
256	50533	0				0	1	3	
0	51433	0				0	1	0	
128	51899	0				0	1	4	
521	52366	0				0	1	0	
256	52799	0				0	1	3	
128	53133	0				0	1	0	
0	53499	0				0	1	0	
256	54166	0				0	1	3	
521	54633	0				0	1	0	
521	54899	0				0	1	0	
256	55999	0				0	1	3	
384	56433	0				0	1	0	
256	56899	0				0	1	3	
128	57666	0				0	1	0	
256	58266	0				0	1	3	
128	58699	0				0	1	0	
128	59166	0				0	1	0	
256	59866	0				0	1	3	
0	60366	0	S		C2	0	1	0	
256	60966	0				0	1	3	
256	61399	0				0	1	0	
256	61866	0				0	1	0	
0	62633	0				0	1	4	
0	63266	0				0	1	0	
256	64166	0				0	1	3	
128	64633	0				0	1	0	
256	64899	0				0	1	3	
128	65533	0				0	1	0	
128	65799	0				0	1	0	
256	66433	0				0	1	3	
128	66899	0				0	1	0	
256	67333	0				0	1	3	
521	67799	0				0	1	0	
256	68266	0				0	1	3	
256	68699	0				0	1	0	
256	69166	0				0	1	3	
384	69633	0				0	1	0	
256	70066	0				0	1	0	
256	70499	0				0	1	3	
256	70966	0				0	1	0	
256	71399	0				0	1	3	
256	71666	0				0	1	0	
256	72133	0				0	1	3	
521	72733	0				0	1	0	
256	73133	0				0	1	3	
256	73599	0				0	1	0	
256	74166	0				0	1	3	
256	74633	0				0	1	0	
0	75066	0				0	1	0	
384	75533	0				0	1	0	
384	75999	0				0	1	0	
256	76433	0				0	1	3	
256	76899	0				0	1	0	
128	78266	0				0	1	0	
256	78699	0				0	1	0	
521	79166	0				0	1	0	
521	79633	0				0	1	1	
256	80032	0				0	1	3	
0	80532	0				0	1	0	
256	80966	0				0	1	3	
521	81432	0				0	1	0	
256	81866	0				0	1	3	
128	82632	0				0	1	0	
0	83266	0				0	1	0	
384	83699	0				0	1	0	
256	84166	0				0	1	3	
256	84632	0				0	1	0	
256	85066	0				0	1	3	
0	85499	0				0	1	0	
384	85832	0				0	1	0	
384	86132	0				0	1	0	
256	86432	0				0	1	3	
521	86866	0				0	1	0	
0	87332	0				0	1	0	
256	87632	0				0	1	3	
521	88699	0				0	1	0	
256	89599	0				0	1	3	
256	89899	0				0	1	0	
256	90332	0				0	1	0	
256	91432	0				0	1	3	
256	91732	0				0	1	0	
0	93266	0				0	1	0	
0	93566	0				0	1	0	
0	94166	0				0	1	0	
256	94632	0				0	1	3	
521	95099	0				0	1	0	
256	95799	0				0	1	3	
384	96432	0				0	1	0	
256	96899	0				0	1	0	
521	97366	0				0	1	0	
521	97799	0				0	1	0	
521	98099	0				0	1	0	
256	98699	0				0	1	3	
128	99166	0				0	1	0	
0	99632	0				0	1	1	
256	100066	0				0	1	3	
521	100532	0				0	1	0	
521	100832	0				0	1	0	
0	101266	0				0	1	0	
256	101899	0				0	1	3	
384	102332	0				0	1	0	
521	102799	0				0	1	0	
384	103266	0				0	1	0	
256	104166	0				0	1	3	
256	104432	0				0	1	0	
0	105066	0				0	1	0	
128	105532	0				0	1	0	
256	105966	0				0	1	3	
128	106432	0				0	1	0	
256	106899	0				0	1	3	
256	107199	0				0	1	0	
256	107632	0				0	1	3	
128	108566	0				0	1	0	
256	108999	0				0	1	3	
0	109499	0				0	1	0	
256	110066	0				0	1	3	
256	110966	0				0	1	0	
128	111432	0				0	1	0	
256	111899	0				0	1	0	
256	112766	0				0	1	3	
384	113699	0				0	1	0	
521	114166	0				0	1	0	
256	114599	0				0	1	3	
521	114932	0				0	1	0	
521	115232	0				0	1	0	
256	115532	0				0	1	3	
256	116432	0				0	1	3	
521	116899	0				0	1	0	
128	117332	0				0	1	0	
256	117799	0				0	1	3	
128	118266	0				0	1	0	
256	118699	0				0	1	3	
384	119166	0				0	1	0	
0	119632	0				0	1	0	
256	120066	0				0	1	3	
0	120532	0	S		C3	0	1	0	
256	120966	0				0	1	3	
384	121432	0				0	1	0	
128	121866	0				0	1	4	
256	122766	0				0	1	3	
521	123232	0				0	1	0	
256	123699	0				0	1	3	
521	124632	0				0	1	0	
384	125066	0				0	1	0	
256	125532	0				0	1	3	
256	125999	0				0	1	0	
256	126432	0				0	1	3	
521	126899	0				0	1	0	
0	127332	0				0	1	0	
256	127799	0				0	1	3	
521	128266	0				0	1	0	
384	128699	0				0	1	0	
256	129166	0				0	1	3	
521	129632	0				0	1	0	
521	129932	0				0	1	0	
256	130366	0				0	1	3	
128	130999	0				0	1	0	
128	131899	0				0	1	0	
0	132332	0				0	1	0	
256	132799	0				0	1	3	
521	133566	0				0	1	0	
256	134166	0				0	1	3	
0	134632	0				0	1	0	
384	135099	0				0	1	0	
256	135532	0				0	1	3	
384	135966	0				0	1	0	
384	136399	0				0	1	0	
256	136866	0				0	1	3	
521	137332	0				0	1	0	
256	137766	0				0	1	3	
256	138232	0				0	1	3	
256	138532	0				0	1	0	
256	139166	0				0	1	3	
384	139632	0				0	1	0	
256	140066	0				0	1	3	
521	140532	0				0	1	0	
128	140966	0				0	1	0	
128	141432	0				0	1	0	
256	141866	0				0	1	0	
256	142366	0				0	1	0	
128	142799	0				0	1	0	
128	143266	0				0	1	0	
256	143699	0				0	1	0	
256	144166	0				0	1	3	
384	144599	0				0	1	0	
384	145066	0				0	1	0	
256	145532	0				0	1	3	
256	145866	0				0	1	3	
256	146332	0				0	1	0	
256	146899	0				0	1	3	
128	147332	0				0	1	0	
384	147799	0				0	1	0	
384	148099	0				0	1	0	
256	148999	0				0	1	3	
256	149632	0				0	1	3	
128	150066	0				0	1	0	
128	150532	0				0	1	0	
256	150799	0				0	1	3	
128	151699	0				0	1	0	
0	152332	0				0	1	0	
0	152799	0				0	1	0	
256	153699	0				0	1	3	
521	154166	0				0	1	0	
256	154599	0				0	1	3	
521	155366	0				0	1	0	
256	155966	0				0	1	0	
0	156432	0				0	1	0	
256	156899	0				0	1	3	
256	157332	0				0	1	0	
384	157799	0				0	1	0	
256	158232	0				0	1	0	
256	158566	0				0	1	3	
256	158832	0				0	1	1	
256	159132	0				0	1	1	
521	160065	0				0	1	0	
521	160365	0				0	1	0	
521	160832	0				0	1	0	
384	161432	0				0	1	0	
256	162332	0				0	1	3	
384	163065	0				0	1	0	
256	163699	0				0	1	0	
256	164165	0				0	1	3	
256	164465	0				0	1	0	
0	164899	0				0	1	0	
521	166299	0				0	1	0	
256	166865	0				0	1	3	
384	167299	0				0	1	0	
521	167799	0				0	1	0	
256	168532	0				0	1	3	
256	169165	0				0	1	0	
256	169632	0				0	1	0	
256	170065	0				0	1	0	
0	170532	0				0	1	0	
0	170832	0				0	1	1	
256	171432	0				0	1	3	
384	171899	0				0	1	0	
128	172332	0				0	1	0	
128	172799	0				0	1	0	
256	173232	0				0	1	3	
0	173699	0				0	1	0	
256	174132	0				0	1	0	
256	174632	0				0	1	3	
256	175532	0				0	1	3	
0	175999	0				0	1	0	
256	176899	0				0	1	3	
384	177332	0				0	1	0	
256	177799	0				0	1	3	
521	178265	0				0	1	0	
256	178665	0				0	1	3	
0	179165	0				0	1	0	
256	179632	0				0	1	3	
521	180065	0				0	1	0	
521	180365	0				0	1	0	
128	180832	0				0	1	0	
128	181265	0				0	1	0	
256	181832	0				0	1	0	
521	182199	0				0	1	0	
256	182765	0				0	1	3	
0	183232	0				0	1	0	
256	183699	0				0	1	3	
521	184132	0				0	1	0	
256	185065	0				0	1	0	
256	185799	0				0	1	0	
256	186399	0				0	1	3	
384	186865	0				0	1	0	
256	187299	0				0	1	3	
521	188299	0				0	1	0	
384	188665	0				0	1	0	
521	189132	0				0	1	0	
256	189432	0				0	1	3	
384	190065	0				0	1	0	
0	190499	0				0	1	0	
521	190965	0				0	1	0	
256	192765	0				0	1	3	
0	193999	0				0	1	0	
256	195065	0				0	1	3	
521	199099	0	S		C1	0	1	0	
