音轨（1左2右）	开始时间	结束时间	道具	触发条件	触发事件	音效0是第一个	音量0-0.7的值可两位小数	0是打击点	音效点需要播的音效名字
Line	StartTime	EndTime	Item	Condition	Action	SoundEffects	Volume	IsHit	Gunbolt
256	2599	0				0	1	0	
128	3066	0				0	1	0	
384	3733	0				0	1	0	
128	4866	0				0	1	1	
256	7099	0				0	1	0	
0	8199	0				0	1	0	
128	9333	0				0	1	0	
256	11566	0				0	1	0	
384	12699	0				0	1	0	
128	13833	0				0	1	0	
521	17333	0				0	1	0	
128	18299	0				0	1	0	
256	18866	0				0	1	0	
256	19466	0				0	1	4	
521	19999	0				0	1	0	
256	20566	0				0	1	0	
256	22799	0				0	1	3	
0	23399	0				0	1	0	
0	23933	0				0	1	0	
128	25033	0				0	1	0	
128	25899	0				0	1	0	
521	27666	0				0	1	0	
521	29533	0				0	1	0	
521	30033	0				0	1	0	
0	30366	0				0	1	4	
384	31199	0				0	1	0	
384	31466	0				0	1	0	
384	32333	0				0	1	0	
384	32599	0				0	1	0	
384	32866	0				0	1	0	
256	33433	0				0	1	0	
128	34399	0				0	1	4	
521	34833	0				0	1	0	
384	35666	0				0	1	5	
128	35966	0				0	1	5	
384	36233	0				0	1	5	
128	36533	0				0	1	5	
384	36799	0				0	1	5	
128	37066	0				0	1	5	
521	37933	0				0	1	0	
521	38199	0				0	1	0	
521	38499	0				0	1	0	
128	39033	0				0	1	1	
128	39333	0				0	1	0	
0	40166	0				0	1	0	
0	40433	0				0	1	0	
128	41299	0				0	1	0	
384	41566	0				0	1	5	
128	42399	0				0	1	5	
384	42699	0				0	1	5	
128	42999	0				0	1	5	
256	44133	0				0	1	0	
256	44666	0				0	1	0	
384	45233	0				0	1	0	
521	47466	0				0	1	0	
384	48033	0				0	1	0	
256	48599	0				0	1	3	
384	49733	0	S		C2	0	1	0	
256	53099	0				0	1	0	
256	54199	0				0	1	3	
0	54733	0				0	1	0	
0	55033	0				0	1	0	
384	55299	0				0	1	5	
128	55866	0				0	1	5	
384	56166	0				0	1	5	
128	56433	0				0	1	5	
384	56999	0				0	1	5	
128	57266	0				0	1	5	
128	58133	0				0	1	0	
128	58399	0				0	1	0	
256	58666	0				0	1	3	
0	59099	0				0	1	0	
521	59499	0				0	1	0	
521	59799	0				0	1	0	
256	60366	0				0	1	3	
128	60633	0				0	1	5	
384	61466	0				0	1	5	
128	61766	0				0	1	5	
384	62033	0				0	1	5	
128	62599	0				0	1	5	
384	62866	0				0	1	5	
128	63166	0				0	1	5	
128	63733	0				0	1	0	
256	63999	0				0	1	3	
128	64833	0				0	1	0	
128	65133	0				0	1	0	
384	65399	0				0	1	5	
128	65966	0				0	1	5	
384	66266	0				0	1	5	
128	66533	0				0	1	5	
384	67099	0				0	1	5	
128	67366	0				0	1	5	
384	68199	0				0	1	0	
128	68766	0				0	1	0	
256	69333	0				0	1	3	
256	69599	0				0	1	0	
256	69899	0				0	1	0	
0	70466	0				0	1	0	
256	70733	0				0	1	3	
384	71299	0				0	1	0	
384	71566	0				0	1	0	
0	72133	0				0	1	0	
128	72699	0				0	1	1	
128	72966	0				0	1	0	
128	73266	0				0	1	0	
384	73833	0				0	1	0	
384	74099	0				0	1	0	
384	74366	0				0	1	0	
384	74933	0				0	1	5	
128	75199	0				0	1	5	
384	75499	0				0	1	5	
128	76066	0				0	1	5	
384	76333	0				0	1	5	
128	76633	0				0	1	5	
256	77166	0				0	1	0	
256	77466	0				0	1	0	
256	77733	0				0	1	0	
128	78299	0				0	1	5	
384	78566	0				0	1	5	
128	78866	0				0	1	5	
384	79432	0				0	1	5	
128	79699	0				0	1	5	
384	79999	0				0	1	5	
128	80532	0				0	1	5	
384	80832	0				0	1	5	
128	81099	0				0	1	5	
0	81666	0				0	1	0	
0	81932	0				0	1	0	
0	82232	0				0	1	0	
256	82799	0				0	1	3	
256	83066	0				0	1	0	
256	83366	0				0	1	0	
384	83899	0				0	1	5	
128	84199	0				0	1	5	
384	84466	0				0	1	5	
128	84766	0				0	1	5	
384	85032	0				0	1	5	
128	85299	0				0	1	5	
384	85599	0				0	1	5	
128	85866	0				0	1	5	
384	86166	0				0	1	5	
128	86432	0				0	1	5	
384	86699	0				0	1	5	
128	87266	0				0	1	5	
384	87566	0				0	1	5	
128	87832	0				0	1	5	
384	88399	0				0	1	5	
128	88666	0				0	1	5	
521	89532	0				0	1	0	
521	89799	0				0	1	0	
521	90099	0				0	1	0	
384	90632	0				0	1	0	
128	90899	0				0	1	5	
384	91199	0				0	1	5	
128	91766	0				0	1	5	
384	92032	0				0	1	5	
128	92332	0				0	1	5	
384	92899	0				0	1	0	
128	93166	0				0	1	5	
384	93432	0				0	1	5	
128	93999	0				0	1	5	
384	94266	0				0	1	5	
128	94566	0				0	1	5	
128	95132	0				0	1	0	
128	95399	0				0	1	0	
128	95699	0				0	1	0	
521	96232	0				0	1	0	
521	96532	0				0	1	0	
521	96799	0				0	1	0	
128	97366	0				0	1	5	
384	97632	0				0	1	5	
128	97932	0				0	1	5	
384	98232	0				0	1	5	
128	98499	0				0	1	5	
384	98766	0				0	1	5	
128	99032	0				0	1	5	
256	99466	0				0	1	0	
521	99899	0				0	1	0	
384	100166	0				0	1	5	
128	100732	0				0	1	5	
384	100999	0				0	1	5	
128	101299	0				0	1	5	
128	101866	0	S		C3	0	1	0	
128	102132	0				0	1	5	
384	102399	0				0	1	5	
128	102966	0				0	1	5	
384	103232	0				0	1	5	
128	103532	0				0	1	5	
384	104099	0				0	1	0	
384	104366	0				0	1	0	
384	104666	0				0	1	0	
384	105232	0				0	1	0	
256	105499	0				0	1	3	
256	105766	0				0	1	0	
384	106332	0				0	1	0	
128	106599	0				0	1	5	
384	106899	0				0	1	5	
128	107466	0				0	1	5	
384	107732	0				0	1	5	
128	108032	0				0	1	5	
128	108599	0				0	1	0	
384	111232	0				0	1	0	
256	112532	0				0	1	0	
128	113099	0				0	1	0	
384	113632	0				0	1	0	
256	114766	0				0	1	3	
0	117032	0				0	1	0	
0	117566	0				0	1	0	
0	118132	0				0	1	0	
521	118699	0				0	1	0	
521	119266	0				0	1	0	
0	119899	0				0	1	0	
384	120399	0				0	1	0	
384	121699	0				0	1	0	
256	125966	0				0	1	3	
256	126532	0				0	1	0	
256	126799	0				0	1	0	
256	127099	0				0	1	0	
128	127632	0				0	1	5	
384	127932	0				0	1	5	
128	128199	0				0	1	5	
384	128766	0				0	1	5	
128	129032	0				0	1	5	
384	129332	0				0	1	5	
128	129899	0				0	1	5	
384	130166	0				0	1	5	
128	130466	0				0	1	5	
384	131032	0				0	1	0	
384	131299	0				0	1	0	
384	131566	0				0	1	0	
256	132132	0				0	1	3	
128	132399	0				0	1	5	
384	132699	0				0	1	5	
128	133266	0				0	1	5	
384	133532	0				0	1	5	
128	133832	0				0	1	5	
384	134099	0				0	1	5	
128	134366	0				0	1	5	
384	134666	0				0	1	5	
128	134932	0				0	1	5	
521	135499	0				0	1	0	
521	135766	0				0	1	0	
521	136066	0				0	1	0	
256	136632	0				0	1	0	
256	136899	0				0	1	3	
256	137166	0				0	1	0	
256	137732	0				0	1	3	
521	138299	0				0	1	0	
256	138866	0				0	1	3	
256	139132	0				0	1	0	
256	139432	0				0	1	3	
256	139966	0				0	1	0	
256	140266	0				0	1	3	
256	141099	0				0	1	0	
128	141366	0				0	1	5	
384	141666	0				0	1	5	
128	142232	0				0	1	5	
384	142499	0				0	1	5	
128	142766	0				0	1	5	
128	143366	0				0	1	0	
128	143632	0				0	1	0	
256	143899	0				0	1	3	
0	145032	0				0	1	0	
256	145599	0				0	1	3	
256	145866	0				0	1	0	
256	146166	0				0	1	1	
128	146699	0				0	1	0	
128	146999	0				0	1	0	
128	147266	0				0	1	0	
256	147832	0				0	1	3	
128	148399	0				0	1	0	
384	148966	0				0	1	0	
384	149232	0				0	1	0	
384	149532	0				0	1	0	
256	150066	0				0	1	0	
256	150366	0				0	1	0	
128	150632	0				0	1	5	
384	151199	0				0	1	5	
128	151466	0				0	1	5	
384	151766	0				0	1	5	
128	152332	0				0	1	5	
256	152899	0				0	1	0	
128	153166	0				0	1	5	
384	153432	0				0	1	5	
128	153732	0				0	1	5	
384	153999	0				0	1	5	
128	154566	0				0	1	5	
384	154832	0				0	1	5	
128	155132	0				0	1	5	
256	155699	0				0	1	0	
384	155966	0				0	1	5	
128	156799	0				0	1	5	
384	157066	0				0	1	5	
128	157365	0				0	1	5	
128	157932	0				0	1	0	
128	158199	0				0	1	0	
128	158499	0				0	1	0	
521	159065	0				0	1	0	
521	159332	0				0	1	0	
384	160165	0				0	1	0	
384	160432	0				0	1	0	
384	160732	0				0	1	0	
256	161299	0				0	1	0	
256	161565	0				0	1	0	
256	161865	0				0	1	0	
384	162399	0				0	1	0	
384	162699	0				0	1	0	
256	163532	0				0	1	0	
256	164665	0				0	1	0	
521	165765	0	S		C1	0	1	0	
