音轨（1左2右）	开始时间	结束时间	道具	触发条件	触发事件	音效0是第一个	音量0-0.7的值可两位小数	0是打击点	音效点需要播的音效名字
Line	StartTime	EndTime	Item	Condition	Action	SoundEffects	Volume	IsHit	Gunbolt
0	1233	0				0	1	0	
521	1633	0				0	1	0	
256	1999	0				0	1	3	
521	2366	0				0	1	0	
384	2933	0				0	1	1	
0	3299	0				0	1	0	
256	3866	0				0	1	3	
256	4433	0				0	1	0	
0	4999	0				0	1	0	
256	5366	0				0	1	3	
256	5666	0				0	1	0	
256	5933	0				0	1	3	
128	6299	0				0	1	0	
256	6866	0				0	1	3	
256	7599	0				0	1	0	
384	7999	0				0	1	0	
256	8366	0				0	1	3	
256	8666	0				0	1	0	
256	8933	0				0	1	3	
128	9299	0				0	1	0	
256	9866	0				0	1	3	
256	10433	0				0	1	0	
0	10999	0				0	1	0	
256	11366	0				0	1	3	
256	11666	0				0	1	0	
256	11933	0				0	1	3	
521	12499	0				0	1	0	
256	12866	0				0	1	3	
0	13333	0				0	1	0	
0	13633	0				0	1	0	
256	13999	0				0	1	3	
521	14366	0				0	1	0	
521	14933	0				0	1	0	
521	15299	0				0	1	0	
256	15866	0				0	1	3	
128	16433	0				0	1	0	
384	16999	0				0	1	0	
256	17366	0				0	1	3	
256	17666	0				0	1	0	
256	17933	0				0	1	3	
521	18299	0				0	1	0	
256	18866	0				0	1	3	
128	19599	0				0	1	1	
384	19999	0				0	1	0	
256	20366	0				0	1	3	
256	20933	0				0	1	0	
128	21299	0				0	1	0	
256	21866	0				0	1	3	
256	22433	0				0	1	0	
384	22999	0				0	1	0	
256	23366	0				0	1	3	
256	23666	0				0	1	0	
256	23933	0				0	1	3	
384	24499	0				0	1	0	
256	24866	0				0	1	3	
256	25166	0				0	1	0	
256	25633	0				0	1	3	
0	25966	0				0	1	0	
256	26566	0				0	1	3	
384	27399	0				0	1	0	
256	27866	0				0	1	3	
256	28333	0				0	1	3	
256	28633	0				0	1	1	
256	28899	0				0	1	0	
256	29366	0				0	1	3	
256	29833	0				0	1	0	
521	30399	0				0	1	0	
256	30866	0				0	1	3	
0	31333	0				0	1	0	
0	31899	0				0	1	0	
256	32366	0				0	1	3	
384	32833	0				0	1	0	
256	33399	0				0	1	3	
0	33766	0				0	1	0	
0	34999	0				0	1	0	
256	35266	0				0	1	3	
256	35833	0				0	1	0	
0	36499	0				0	1	0	
521	37233	0				0	1	0	
256	37633	0	S		C2	0	1	0	
0	38199	0				0	1	0	
256	38733	0				0	1	3	
256	39399	0				0	1	0	
256	39866	0				0	1	3	
384	40333	0				0	1	5	
128	40633	0				0	1	5	
384	40899	0				0	1	5	
128	41199	0				0	1	5	
256	41766	0				0	1	0	
256	42133	0				0	1	3	
256	42399	0				0	1	0	
256	42866	0				0	1	3	
128	43333	0				0	1	0	
384	43899	0				0	1	0	
256	44199	0				0	1	3	
0	44733	0				0	1	0	
256	45399	0				0	1	3	
0	46633	0				0	1	0	
256	47199	0				0	1	3	
384	47733	0				0	1	0	
256	48133	0				0	1	3	
0	48499	0				0	1	0	
256	49999	0				0	1	3	
0	50366	0				0	1	0	
521	50933	0				0	1	0	
128	51299	0				0	1	0	
256	51866	0				0	1	3	
521	52433	0				0	1	0	
521	52999	0				0	1	0	
256	53366	0				0	1	3	
256	53666	0				0	1	0	
256	53933	0				0	1	3	
256	54299	0				0	1	0	
256	54866	0				0	1	3	
256	55633	0				0	1	0	
0	55999	0				0	1	0	
256	56366	0				0	1	3	
256	56666	0				0	1	0	
256	56933	0				0	1	3	
384	57299	0				0	1	0	
256	57866	0				0	1	3	
521	58433	0				0	1	0	
128	58999	0				0	1	0	
256	59366	0				0	1	3	
128	59933	0				0	1	0	
256	60666	0				0	1	3	
128	61599	0				0	1	0	
128	61999	0				0	1	0	
256	62733	0				0	1	3	
128	63299	0				0	1	0	
0	63866	0				0	1	0	
256	64233	0				0	1	3	
384	64799	0				0	1	0	
256	65566	0				0	1	3	
256	66299	0				0	1	3	
521	66699	0				0	1	0	
256	67066	0				0	1	3	
256	67799	0				0	1	3	
256	68566	0				0	1	3	
384	69299	0				0	1	0	
384	69866	0				0	1	0	
256	70233	0				0	1	3	
256	70633	0				0	1	0	
256	71566	0				0	1	3	
128	72133	0				0	1	0	
256	72499	0				0	1	3	
128	72966	0				0	1	0	
0	73699	0				0	1	0	
0	73999	0				0	1	0	
384	74366	0				0	1	0	
256	74932	0				0	1	0	
521	75299	0				0	1	0	
256	75866	0	S		C3	0	1	3	
256	76432	0				0	1	0	
521	76999	0				0	1	0	
256	77366	0				0	1	3	
256	77666	0				0	1	1	
256	77932	0				0	1	3	
0	78299	0				0	1	0	
256	78866	0				0	1	3	
256	79599	0				0	1	0	
128	79999	0				0	1	0	
256	80366	0				0	1	3	
384	80932	0				0	1	0	
384	81299	0				0	1	0	
256	81866	0				0	1	3	
128	82432	0				0	1	0	
256	82999	0				0	1	0	
256	83366	0				0	1	3	
256	83932	0				0	1	0	
384	84299	0				0	1	0	
128	84666	0				0	1	0	
0	85266	0				0	1	0	
521	85999	0				0	1	4	
256	86366	0				0	1	3	
0	86732	0				0	1	4	
256	87866	0				0	1	3	
0	88332	0				0	1	0	
256	89366	0				0	1	3	
256	89832	0				0	1	0	
256	90299	0				0	1	0	
256	90866	0				0	1	3	
0	91332	0				0	1	0	
256	91966	0				0	1	0	
256	92532	0				0	1	3	
256	92832	0				0	1	0	
384	93299	0				0	1	0	
256	93866	0				0	1	3	
384	94432	0				0	1	0	
256	94899	0				0	1	0	
521	95366	0				0	1	0	
256	95732	0				0	1	3	
256	96399	0				0	1	3	
256	97632	0				0	1	0	
256	97999	0				0	1	0	
256	98366	0				0	1	3	
0	99499	0				0	1	0	
256	99866	0				0	1	3	
384	100332	0				0	1	0	
256	100999	0				0	1	0	
256	101366	0				0	1	3	
521	102099	0				0	1	0	
128	102499	0				0	1	0	
256	102866	0				0	1	3	
0	103999	0				0	1	0	
256	104566	0				0	1	3	
128	105299	0				0	1	0	
256	105866	0				0	1	3	
128	106899	0				0	1	0	
256	107532	0				0	1	0	
256	107832	0				0	1	0	
256	108099	0				0	1	0	
256	108399	0				0	1	0	
384	109066	0				0	1	5	
128	109432	0				0	1	5	
384	110366	0				0	1	5	
128	110932	0				0	1	5	
256	111299	0				0	1	0	
521	111866	0				0	1	0	
384	112432	0				0	1	0	
0	112799	0				0	1	0	
256	113366	0				0	1	3	
128	113932	0				0	1	0	
128	114499	0				0	1	0	
256	114866	0				0	1	3	
256	115166	0				0	1	0	
256	115432	0				0	1	3	
256	115799	0				0	1	0	
256	116366	0				0	1	3	
128	117099	0				0	1	0	
0	117499	0				0	1	0	
256	117866	0				0	1	3	
256	118166	0				0	1	0	
256	118432	0				0	1	3	
384	118799	0				0	1	0	
256	119366	0				0	1	3	
521	119932	0				0	1	0	
384	120499	0				0	1	0	
256	120866	0				0	1	3	
256	121432	0				0	1	0	
521	121799	0				0	1	0	
256	122166	0				0	1	0	
256	123199	0	S		C1	0	1	0	
