音轨（1左2右）	开始时间	结束时间	道具	触发条件	触发事件	音效0是第一个	音量0-0.7的值可两位小数	0是打击点	音效点需要播的音效名字
Line	StartTime	EndTime	Item	Condition	Action	SoundEffects	Volume	IsHit	Gunbolt
256	1163	0				0	1	0	
0	1929	0				0	1	0	
0	2388	0				0	1	0	
0	2694	0				0	1	0	
128	4318	0				0	1	1	
128	4593	0				0	1	0	
128	5236	0				0	1	5	
384	5481	0				0	1	5	
128	5696	0				0	1	5	
384	5910	0				0	1	5	
128	6247	0				0	1	5	
521	7656	0				0	1	0	
521	7717	0				0	1	0	
521	8115	0				0	1	1	
256	10044	0				0	1	0	
256	10289	0				0	1	0	
384	10933	0				0	1	0	
384	11239	0				0	1	0	
384	11545	0				0	1	0	
128	12188	0				0	1	5	
384	12494	0				0	1	5	
128	12801	0				0	1	5	
384	13107	0				0	1	5	
128	13413	0				0	1	5	
128	14056	0				0	1	0	
128	14363	0				0	1	0	
128	14669	0				0	1	0	
384	15312	0				0	1	1	
256	15833	0				0	1	0	
256	15924	0				0	1	0	
0	16874	0				0	1	0	
128	17486	0				0	1	0	
384	18099	0				0	1	0	
384	18436	0				0	1	0	
384	19048	0				0	1	5	
128	19385	0				0	1	5	
384	19661	0				0	1	5	
128	19936	0				0	1	5	
384	20304	0				0	1	5	
128	20579	0				0	1	5	
128	21468	0				0	1	5	
384	21866	0				0	1	5	
128	22141	0				0	1	5	
384	22509	0				0	1	5	
128	22815	0				0	1	5	
384	23152	0				0	1	5	
128	23458	0				0	1	5	
256	24071	0				0	1	0	
128	24622	0				0	1	5	
384	24959	0				0	1	5	
128	25326	0				0	1	5	
384	25633	0				0	1	5	
128	25969	0				0	1	5	
384	26490	0				0	1	5	
128	26858	0				0	1	5	
384	27164	0				0	1	5	
128	27501	0				0	1	5	
128	28113	0				0	1	5	
384	28450	0				0	1	5	
128	28726	0				0	1	5	
384	29001	0				0	1	5	
128	29063	0				0	1	5	
128	30012	0				0	1	5	
384	30288	0				0	1	5	
128	30624	0				0	1	5	
384	30931	0				0	1	5	
128	31268	0				0	1	5	
384	32186	0				0	1	5	
128	32493	0				0	1	5	
384	32768	0				0	1	5	
128	33105	0				0	1	5	
128	33718	0				0	1	0	
128	34544	0				0	1	0	
256	35279	0				0	1	0	
256	35616	0				0	1	0	
256	36229	0	S		C2	0	1	0	
128	36872	0				0	1	5	
384	37148	0				0	1	5	
128	37454	0				0	1	5	
384	37760	0				0	1	5	
128	38097	0				0	1	5	
384	38434	0				0	1	5	
128	38740	0				0	1	5	
128	39383	0				0	1	0	
256	39996	0				0	1	0	
256	40302	0				0	1	0	
128	40914	0				0	1	5	
384	41159	0				0	1	5	
128	41558	0				0	1	5	
384	41864	0				0	1	5	
128	42170	0				0	1	5	
384	42476	0				0	1	5	
128	42783	0				0	1	5	
128	43426	0				0	1	5	
384	43671	0				0	1	5	
128	44038	0				0	1	5	
384	44344	0				0	1	5	
128	44651	0				0	1	5	
384	45906	0				0	1	0	
384	45998	0				0	1	0	
384	47162	0				0	1	0	
384	47499	0				0	1	0	
384	48111	0				0	1	0	
521	49061	0				0	1	0	
384	49643	0				0	1	0	
384	50286	0				0	1	0	
0	50929	0				0	1	4	
0	51235	0				0	1	0	
0	51449	0				0	1	0	
128	52184	0				0	1	5	
384	52491	0				0	1	5	
128	52797	0				0	1	5	
384	53103	0				0	1	5	
128	53409	0				0	1	5	
384	53746	0				0	1	5	
128	54022	0				0	1	5	
384	54359	0				0	1	5	
128	54665	0				0	1	5	
0	55308	0				0	1	0	
384	56227	0				0	1	5	
128	56564	0				0	1	5	
384	56870	0				0	1	5	
128	57176	0				0	1	5	
128	58126	0				0	1	5	
384	58340	0				0	1	5	
128	58738	0				0	1	5	
384	59075	0				0	1	5	
128	59228	0				0	1	5	
384	59351	0				0	1	5	
128	59657	0				0	1	5	
384	59994	0				0	1	5	
128	60300	0				0	1	5	
384	60637	0				0	1	5	
128	60913	0				0	1	5	
384	61249	0				0	1	5	
128	61494	0				0	1	5	
384	61893	0				0	1	5	
128	62168	0				0	1	5	
384	62474	0				0	1	5	
128	62719	0				0	1	5	
384	63118	0				0	1	5	
128	63424	0				0	1	5	
256	64067	0				0	1	0	
256	64373	0				0	1	0	
256	64679	0				0	1	0	
384	65292	0				0	1	0	
384	65813	0				0	1	5	
128	66241	0				0	1	5	
384	66548	0				0	1	5	
128	66854	0				0	1	5	
128	67497	0				0	1	5	
384	67803	0				0	1	5	
128	68109	0				0	1	5	
384	68263	0				0	1	5	
128	68416	0				0	1	5	
256	69365	0				0	1	0	
384	69978	0				0	1	0	
384	70314	0				0	1	0	
384	70621	0				0	1	0	
256	71356	0				0	1	0	
128	72183	0				0	1	5	
384	72489	0				0	1	5	
128	72795	0				0	1	5	
384	73132	0				0	1	5	
128	73438	0				0	1	5	
384	73989	0				0	1	0	
384	74694	0				0	1	5	
128	75000	0				0	1	5	
384	75306	0				0	1	5	
128	75613	0				0	1	5	
384	75919	0				0	1	5	
128	76378	0				0	1	5	
0	77174	0				0	1	0	
0	77450	0				0	1	0	
0	77787	0	S		C3	0	1	0	
384	78430	0				0	1	0	
384	79686	0				0	1	5	
128	79992	0				0	1	5	
384	80298	0				0	1	5	
128	80635	0				0	1	5	
384	80880	0				0	1	5	
128	81248	0				0	1	5	
384	81554	0				0	1	5	
128	81921	0				0	1	5	
384	82074	0				0	1	5	
128	82473	0				0	1	5	
384	83299	0				0	1	0	
384	83422	0				0	1	0	
384	83728	0				0	1	0	
128	84371	0				0	1	5	
384	84678	0				0	1	5	
128	84984	0				0	1	5	
384	85259	0				0	1	5	
128	85321	0				0	1	5	
256	85933	0				0	1	0	
256	86270	0				0	1	0	
256	86546	0				0	1	0	
384	87158	0				0	1	0	
384	87495	0				0	1	1	
128	88108	0				0	1	0	
384	88414	0				0	1	5	
128	89639	0				0	1	5	
384	89976	0				0	1	5	
128	90282	0				0	1	5	
521	90925	0				0	1	0	
128	91874	0				0	1	0	
256	92181	0				0	1	3	
256	92487	0				0	1	0	
256	92793	0				0	1	0	
384	93406	0				0	1	0	
384	93743	0				0	1	0	
256	94355	0				0	1	3	
256	94661	0				0	1	0	
128	95304	0				0	1	0	
256	95856	0				0	1	0	
128	96223	0				0	1	5	
384	96560	0				0	1	5	
128	96866	0				0	1	5	
384	97173	0				0	1	5	
128	97509	0				0	1	5	
521	98122	0				0	1	0	
521	98336	0				0	1	0	
128	98734	0				0	1	5	
384	99071	0				0	1	5	
128	99224	0				0	1	5	
384	99653	0				0	1	5	
128	99990	0				0	1	5	
384	100296	0				0	1	5	
128	100633	0				0	1	5	
384	100909	0				0	1	5	
128	101491	0				0	1	5	
384	101889	0				0	1	5	
128	102164	0				0	1	5	
521	103114	0				0	1	0	
521	103420	0				0	1	0	
0	104033	0				0	1	0	
256	104369	0				0	1	3	
256	104676	0				0	1	0	
384	105288	0				0	1	0	
128	106238	0				0	1	0	
384	106544	0				0	1	5	
128	106850	0				0	1	5	
384	107187	0				0	1	5	
128	107493	0				0	1	5	
384	107799	0				0	1	5	
128	108259	0				0	1	5	
384	108412	0				0	1	5	
128	108749	0				0	1	5	
0	109361	0				0	1	0	
256	109668	0				0	1	3	
256	109974	0				0	1	0	
256	110311	0				0	1	0	
521	110923	0				0	1	0	
0	111566	0				0	1	0	
0	111873	0				0	1	0	
128	112179	0				0	1	5	
384	112485	0				0	1	5	
128	112791	0				0	1	5	
384	113128	0				0	1	5	
128	113434	0				0	1	5	
384	113741	0				0	1	5	
128	114047	0				0	1	5	
384	114353	0				0	1	5	
128	114659	0				0	1	5	
384	114996	0				0	1	5	
128	115303	0				0	1	5	
0	115915	0				0	1	0	
128	116252	0				0	1	5	
384	116558	0				0	1	5	
128	116864	0				0	1	5	
384	117171	0				0	1	5	
128	117477	0				0	1	5	
128	118120	0				0	1	0	
128	118396	0				0	1	0	
128	118702	0				0	1	0	
128	119069	0				0	1	0	
128	119376	0				0	1	0	
256	119682	0				0	1	3	
256	119988	0				0	1	0	
256	120294	0				0	1	0	
256	120631	0				0	1	0	
256	120907	0				0	1	0	
256	121244	0				0	1	0	
256	121550	0				0	1	0	
256	121856	0				0	1	0	
256	122163	0				0	1	3	
256	122499	0				0	1	0	
256	122806	0				0	1	0	
256	123112	0				0	1	0	
256	123418	0				0	1	0	
256	123724	0				0	1	0	
256	124061	0				0	1	0	
256	124368	0				0	1	0	
256	124674	0				0	1	3	
256	124949	0				0	1	0	
256	125286	0				0	1	0	
256	125776	0				0	1	0	
256	125929	0				0	1	0	
256	126205	0				0	1	0	
256	126573	0				0	1	0	
256	126848	0				0	1	0	
256	127185	0				0	1	0	
256	127491	0				0	1	3	
256	127798	0				0	1	0	
256	128073	0				0	1	0	
256	128410	0	S		C1	0	1	0	
